# Datafile created by QuickNXS 1.1.6
# Date: 2019-07-15 08:23:28
# Type: Specular
# Input file indices: 32316+[32317,32320]+[32318,32319]
# Extracted states: On_Off
# 
# [Direct Beam Runs]
# DB_ID  P0  PN  x_pos   x_width  y_pos   y_width  bg_pos  bg_width  dpix  tth          number  File                                            
# 1      0   0   189     9        131.5   95       54      100       189   -0.00280144  32298   /SNS/REF_M/IPTS-23754/data/REF_M_32298_histo.nxs
# 2      0   0   188.8   11       132     96       54      100       189   -0.00280144  32299   /SNS/REF_M/IPTS-23754/data/REF_M_32299_histo.nxs
# 3      0   0   188.9   15       134     96       54      100       189   -0.00280144  32300   /SNS/REF_M/IPTS-23754/data/REF_M_32300_histo.nxs
# 
# [Data Runs]
# scale      P0  PN   x_pos   x_width  y_pos  y_width  bg_pos  bg_width  extract_fan  dpix  tth       number         DB_ID  File                                                                                                      
# 21.727     7   16   147.5   12       128    34       116     50        False        189   0         32316          1      /SNS/REF_M/IPTS-23754/data/REF_M_32316_histo.nxs                                                          
# 3.01301    5   15   149.5   12       137    36       116     50        False        189   1.0384    [32317,32320]  2      [u'/SNS/REF_M/IPTS-23754/data/REF_M_32317_histo.nxs', u'/SNS/REF_M/IPTS-23754/data/REF_M_32320_histo.nxs']
# 0.909913   5   5    153.6   11       159    36       116     50        False        189   3.60592   [32318,32319]  3      [u'/SNS/REF_M/IPTS-23754/data/REF_M_32318_histo.nxs', u'/SNS/REF_M/IPTS-23754/data/REF_M_32319_histo.nxs']
# 
# [Global Options]
# name           value
# sample_length  10   
# 
# [Data]
# Qz [Å⁻¹]            	R [a.u.]            	dR [a.u.]           	dQz [Å⁻¹]           	αi [rad]            
9.945272e-03      	9.237672e-01      	4.584276e-02      	1.617764e-04      	6.323465e-03      
1.003996e-02      	1.010543e+00      	4.707070e-02      	1.633604e-04      	6.323465e-03      
1.013646e-02      	9.123868e-01      	4.319701e-02      	1.649761e-04      	6.323465e-03      
1.023484e-02      	9.833949e-01      	4.496374e-02      	1.666245e-04      	6.323465e-03      
1.033515e-02      	9.221913e-01      	4.160948e-02      	1.683066e-04      	6.323465e-03      
1.043745e-02      	9.336593e-01      	4.055318e-02      	1.700235e-04      	6.323465e-03      
1.054179e-02      	1.003814e+00      	4.055152e-02      	1.717762e-04      	6.323465e-03      
1.064823e-02      	9.750793e-01      	3.840155e-02      	1.735660e-04      	6.323465e-03      
1.075685e-02      	9.135769e-01      	3.636607e-02      	1.753939e-04      	6.323465e-03      
1.086771e-02      	1.065761e+00      	3.873139e-02      	1.772613e-04      	6.323465e-03      
1.098087e-02      	9.600738e-01      	3.523109e-02      	1.791695e-04      	6.323465e-03      
1.109642e-02      	9.677336e-01      	3.403886e-02      	1.811198e-04      	6.323465e-03      
1.121442e-02      	9.914747e-01      	3.342227e-02      	1.831137e-04      	6.323465e-03      
1.133496e-02      	9.350688e-01      	3.139914e-02      	1.851526e-04      	6.323465e-03      
1.145813e-02      	9.610570e-01      	3.132813e-02      	1.872382e-04      	6.323465e-03      
1.158399e-02      	1.009162e+00      	3.150385e-02      	1.893720e-04      	6.323465e-03      
1.171265e-02      	1.031365e+00      	3.108694e-02      	1.915558e-04      	6.323465e-03      
1.184421e-02      	1.000224e+00      	2.989635e-02      	1.937913e-04      	6.323465e-03      
1.197875e-02      	1.014985e+00      	2.952649e-02      	1.960806e-04      	6.323465e-03      
1.211638e-02      	9.943229e-01      	2.845038e-02      	1.984254e-04      	6.323465e-03      
1.225721e-02      	9.979689e-01      	2.776546e-02      	2.008280e-04      	6.323465e-03      
1.240136e-02      	1.001781e+00      	2.663936e-02      	2.032906e-04      	6.323465e-03      
1.254894e-02      	1.021161e+00      	2.633498e-02      	2.058153e-04      	6.323465e-03      
1.270007e-02      	9.914959e-01      	2.576217e-02      	2.084047e-04      	6.323465e-03      
1.285488e-02      	9.919768e-01      	2.553320e-02      	2.110612e-04      	6.323465e-03      
1.301352e-02      	1.020376e+00      	2.551234e-02      	2.137877e-04      	6.323465e-03      
1.317612e-02      	1.013193e+00      	2.451959e-02      	2.165868e-04      	6.323465e-03      
1.334283e-02      	9.739599e-01      	2.273851e-02      	2.194617e-04      	6.323465e-03      
1.351382e-02      	1.019143e+00      	2.230741e-02      	2.224154e-04      	6.323465e-03      
1.368925e-02      	9.702817e-01      	2.116982e-02      	2.254513e-04      	6.323465e-03      
1.386929e-02      	9.953308e-01      	2.083637e-02      	2.285729e-04      	6.323465e-03      
1.405413e-02      	9.801553e-01      	1.964544e-02      	2.317840e-04      	6.323465e-03      
1.424396e-02      	9.924319e-01      	1.920035e-02      	2.350886e-04      	6.323465e-03      
1.443899e-02      	9.825528e-01      	1.895418e-02      	2.384908e-04      	6.323465e-03      
1.463944e-02      	9.953052e-01      	1.864009e-02      	2.419951e-04      	6.323465e-03      
1.484553e-02      	9.739926e-01      	1.752664e-02      	2.456063e-04      	6.323465e-03      
1.505751e-02      	9.792288e-01      	1.733132e-02      	2.493293e-04      	6.323465e-03      
1.527563e-02      	9.256081e-01      	1.618759e-02      	2.531696e-04      	6.323465e-03      
1.550015e-02      	8.567474e-01      	1.521395e-02      	2.571328e-04      	6.323465e-03      
1.573138e-02      	7.941013e-01      	1.415228e-02      	2.612251e-04      	6.323465e-03      
1.596962e-02      	7.238696e-01      	1.317154e-02      	2.654531e-04      	6.323465e-03      
1.621517e-02      	6.319910e-01      	1.214840e-02      	2.698235e-04      	6.323465e-03      
1.646840e-02      	5.832695e-01      	1.147485e-02      	2.743440e-04      	6.323465e-03      
1.672966e-02      	5.141748e-01      	1.071273e-02      	2.790225e-04      	6.323465e-03      
1.699935e-02      	4.343613e-01      	9.893394e-03      	2.838676e-04      	6.323465e-03      
1.727787e-02      	3.769575e-01      	8.914062e-03      	2.888885e-04      	6.323465e-03      
1.756567e-02      	3.250551e-01      	8.083534e-03      	2.940950e-04      	6.323465e-03      
1.786323e-02      	2.747994e-01      	7.357531e-03      	2.994980e-04      	6.323465e-03      
1.817103e-02      	2.154895e-01      	6.458278e-03      	3.051088e-04      	6.323465e-03      
1.848963e-02      	1.583293e-01      	5.520764e-03      	3.109399e-04      	6.323465e-03      
1.881961e-02      	1.136670e-01      	4.577487e-03      	3.170048e-04      	6.323465e-03      
1.916157e-02      	8.029432e-02      	3.814446e-03      	3.233181e-04      	6.323465e-03      
1.951619e-02      	6.879379e-02      	3.688416e-03      	3.298956e-04      	6.323465e-03      
1.988419e-02      	4.782795e-02      	3.077835e-03      	3.367545e-04      	6.323465e-03      
2.026633e-02      	4.198232e-02      	2.792922e-03      	3.439136e-04      	6.323465e-03      
2.066344e-02      	3.735364e-02      	2.544488e-03      	3.513933e-04      	6.323465e-03      
2.107643e-02      	3.048510e-02      	2.271143e-03      	3.592160e-04      	6.323465e-03      
2.150626e-02      	2.410074e-02      	1.992643e-03      	3.674063e-04      	6.323465e-03      
2.195399e-02      	2.311699e-02      	1.936583e-03      	3.759909e-04      	6.323465e-03      
2.242076e-02      	1.603147e-02      	1.584797e-03      	3.849996e-04      	6.323465e-03      
2.290781e-02      	1.264498e-02      	1.378053e-03      	3.944650e-04      	6.323465e-03      
2.327808e-02      	1.439854e-02      	5.689475e-04      	3.918822e-04      	1.508046e-02      
2.341649e-02      	1.296198e-02      	1.376876e-03      	4.044232e-04      	6.323465e-03      
2.349557e-02      	1.345534e-02      	5.219822e-04      	3.956371e-04      	1.508046e-02      
2.371715e-02      	1.273194e-02      	4.927081e-04      	3.994654e-04      	1.508046e-02      
2.394296e-02      	1.170744e-02      	4.610267e-04      	4.033693e-04      	1.508046e-02      
2.417310e-02      	1.041373e-02      	4.204168e-04      	4.073513e-04      	1.508046e-02      
2.440772e-02      	1.002702e-02      	3.990803e-04      	4.114136e-04      	1.508046e-02      
2.464693e-02      	1.024152e-02      	3.931882e-04      	4.155588e-04      	1.508046e-02      
2.489088e-02      	8.420342e-03      	3.422743e-04      	4.197893e-04      	1.508046e-02      
2.513970e-02      	8.892592e-03      	3.458039e-04      	4.241081e-04      	1.508046e-02      
2.539355e-02      	7.950160e-03      	3.140167e-04      	4.285177e-04      	1.508046e-02      
2.565258e-02      	7.384898e-03      	2.952312e-04      	4.330212e-04      	1.508046e-02      
2.591694e-02      	6.468001e-03      	2.685339e-04      	4.376217e-04      	1.508046e-02      
2.618682e-02      	6.017791e-03      	2.497437e-04      	4.423223e-04      	1.508046e-02      
2.646237e-02      	5.744538e-03      	2.371634e-04      	4.471264e-04      	1.508046e-02      
2.674378e-02      	4.886737e-03      	2.133470e-04      	4.520374e-04      	1.508046e-02      
2.703125e-02      	4.506724e-03      	1.981280e-04      	4.570591e-04      	1.508046e-02      
2.732496e-02      	4.285046e-03      	1.916034e-04      	4.621953e-04      	1.508046e-02      
2.762512e-02      	3.627008e-03      	1.715756e-04      	4.674499e-04      	1.508046e-02      
2.793195e-02      	3.285898e-03      	1.591925e-04      	4.728272e-04      	1.508046e-02      
2.824567e-02      	2.732432e-03      	1.418607e-04      	4.783315e-04      	1.508046e-02      
2.856652e-02      	2.260686e-03      	1.261257e-04      	4.839675e-04      	1.508046e-02      
2.889474e-02      	2.369687e-03      	1.262831e-04      	4.897401e-04      	1.508046e-02      
2.923060e-02      	2.038138e-03      	1.151045e-04      	4.956543e-04      	1.508046e-02      
2.957435e-02      	1.886189e-03      	1.077465e-04      	5.017154e-04      	1.508046e-02      
2.992628e-02      	1.875932e-03      	1.054881e-04      	5.079291e-04      	1.508046e-02      
3.028669e-02      	1.705112e-03      	9.926010e-05      	5.143013e-04      	1.508046e-02      
3.065589e-02      	1.690481e-03      	9.728477e-05      	5.208382e-04      	1.508046e-02      
3.103420e-02      	1.499550e-03      	8.770550e-05      	5.275464e-04      	1.508046e-02      
3.142196e-02      	1.723397e-03      	9.238913e-05      	5.344328e-04      	1.508046e-02      
3.181954e-02      	1.744401e-03      	9.002436e-05      	5.415047e-04      	1.508046e-02      
3.222730e-02      	1.811041e-03      	8.811522e-05      	5.487698e-04      	1.508046e-02      
3.264566e-02      	1.754791e-03      	8.410593e-05      	5.562362e-04      	1.508046e-02      
3.307501e-02      	1.934176e-03      	8.549800e-05      	5.639126e-04      	1.508046e-02      
3.351581e-02      	2.183497e-03      	8.801109e-05      	5.718081e-04      	1.508046e-02      
3.396852e-02      	2.204704e-03      	8.541966e-05      	5.799323e-04      	1.508046e-02      
3.443363e-02      	2.198193e-03      	8.307922e-05      	5.882955e-04      	1.508046e-02      
3.491165e-02      	2.507993e-03      	8.736427e-05      	5.969085e-04      	1.508046e-02      
3.540313e-02      	2.541102e-03      	8.450766e-05      	6.057829e-04      	1.508046e-02      
3.590864e-02      	2.502827e-03      	8.096619e-05      	6.149310e-04      	1.508046e-02      
3.642880e-02      	2.524759e-03      	7.979072e-05      	6.243658e-04      	1.508046e-02      
3.696425e-02      	2.551799e-03      	7.833320e-05      	6.341012e-04      	1.508046e-02      
3.751568e-02      	2.566908e-03      	7.633370e-05      	6.441521e-04      	1.508046e-02      
3.808381e-02      	2.265973e-03      	7.064437e-05      	6.545343e-04      	1.508046e-02      
3.866940e-02      	2.119496e-03      	6.743331e-05      	6.652647e-04      	1.508046e-02      
3.927329e-02      	1.921432e-03      	6.301524e-05      	6.763615e-04      	1.508046e-02      
3.989634e-02      	1.867917e-03      	6.136238e-05      	6.878441e-04      	1.508046e-02      
4.053948e-02      	1.599846e-03      	5.766763e-05      	6.997332e-04      	1.508046e-02      
4.120369e-02      	1.392718e-03      	5.314534e-05      	7.120513e-04      	1.508046e-02      
4.189004e-02      	1.197155e-03      	4.861443e-05      	7.248223e-04      	1.508046e-02      
4.259963e-02      	9.249323e-04      	4.220032e-05      	7.380722e-04      	1.508046e-02      
4.333368e-02      	7.680472e-04      	3.793979e-05      	7.518289e-04      	1.508046e-02      
4.409346e-02      	5.557941e-04      	3.225029e-05      	7.661224e-04      	1.508046e-02      
4.488037e-02      	4.611060e-04      	2.939559e-05      	7.809855e-04      	1.508046e-02      
4.569587e-02      	2.760052e-04      	2.367545e-05      	7.964534e-04      	1.508046e-02      
4.654156e-02      	2.423215e-04      	2.311169e-05      	8.125644e-04      	1.508046e-02      
4.741915e-02      	1.183823e-04      	1.707787e-05      	8.293602e-04      	1.508046e-02      
4.833046e-02      	9.837408e-05      	1.550489e-05      	8.468861e-04      	1.508046e-02      
4.927748e-02      	7.210460e-05      	1.332289e-05      	8.651917e-04      	1.508046e-02      
5.026237e-02      	5.481438e-05      	1.145375e-05      	8.843308e-04      	1.508046e-02      
5.128742e-02      	7.860034e-05      	1.320387e-05      	9.043628e-04      	1.508046e-02      
5.235515e-02      	1.070643e-04      	1.480269e-05      	9.253526e-04      	1.508046e-02      
5.346829e-02      	1.524518e-04      	1.648553e-05      	9.473716e-04      	1.508046e-02      
5.462979e-02      	1.766282e-04      	1.747047e-05      	9.704986e-04      	1.508046e-02      
5.584287e-02      	2.394221e-04      	1.930850e-05      	9.948205e-04      	1.508046e-02      
5.688846e-02      	2.495626e-04      	1.673416e-05      	9.697966e-04      	3.686154e-02      
5.711105e-02      	2.697687e-04      	2.020036e-05      	1.020434e-03      	1.508046e-02      
5.741996e-02      	2.697149e-04      	1.619325e-05      	9.790830e-04      	3.686154e-02      
5.796148e-02      	2.919956e-04      	1.623580e-05      	9.885509e-04      	3.686154e-02      
5.851332e-02      	2.848622e-04      	1.549822e-05      	9.982059e-04      	3.686154e-02      
5.907577e-02      	3.286567e-04      	1.608778e-05      	1.008053e-03      	3.686154e-02      
5.964913e-02      	2.967841e-04      	1.486237e-05      	1.018100e-03      	3.686154e-02      
6.023373e-02      	2.676886e-04      	1.377485e-05      	1.028350e-03      	3.686154e-02      
6.082990e-02      	2.557474e-04      	1.312429e-05      	1.038812e-03      	3.686154e-02      
6.143800e-02      	2.514602e-04      	1.260243e-05      	1.049492e-03      	3.686154e-02      
6.205837e-02      	2.368896e-04      	1.202003e-05      	1.060396e-03      	3.686154e-02      
6.269140e-02      	2.207159e-04      	1.131345e-05      	1.071533e-03      	3.686154e-02      
6.333748e-02      	1.987895e-04      	1.047121e-05      	1.082908e-03      	3.686154e-02      
6.399701e-02      	1.869006e-04      	9.966410e-06      	1.094531e-03      	3.686154e-02      
6.467042e-02      	1.378224e-04      	8.441458e-06      	1.106410e-03      	3.686154e-02      
6.535816e-02      	1.097549e-04      	7.366405e-06      	1.118553e-03      	3.686154e-02      
6.606068e-02      	9.801368e-05      	6.855538e-06      	1.130969e-03      	3.686154e-02      
6.677846e-02      	8.037085e-05      	6.062765e-06      	1.143668e-03      	3.686154e-02      
6.751202e-02      	6.543291e-05      	5.439838e-06      	1.156659e-03      	3.686154e-02      
6.826187e-02      	5.122059e-05      	4.782513e-06      	1.169953e-03      	3.686154e-02      
6.902856e-02      	4.453504e-05      	4.519278e-06      	1.183561e-03      	3.686154e-02      
6.981268e-02      	3.400460e-05      	3.851319e-06      	1.197495e-03      	3.686154e-02      
7.061481e-02      	3.308215e-05      	3.732520e-06      	1.211765e-03      	3.686154e-02      
7.143559e-02      	2.366271e-05      	3.243017e-06      	1.226385e-03      	3.686154e-02      
7.227567e-02      	2.267470e-05      	3.122651e-06      	1.241368e-03      	3.686154e-02      
7.313575e-02      	3.063825e-05      	3.451764e-06      	1.256727e-03      	3.686154e-02      
7.401654e-02      	3.294565e-05      	3.371280e-06      	1.272478e-03      	3.686154e-02      
7.491881e-02      	3.871946e-05      	3.468411e-06      	1.288636e-03      	3.686154e-02      
7.584335e-02      	3.152543e-05      	3.070853e-06      	1.305216e-03      	3.686154e-02      
7.679099e-02      	3.640364e-05      	3.221457e-06      	1.322236e-03      	3.686154e-02      
7.776261e-02      	4.340081e-05      	3.354627e-06      	1.339714e-03      	3.686154e-02      
7.875913e-02      	4.611604e-05      	3.296302e-06      	1.357669e-03      	3.686154e-02      
7.978153e-02      	4.347729e-05      	3.140453e-06      	1.376120e-03      	3.686154e-02      
8.083082e-02      	4.559379e-05      	3.125881e-06      	1.395090e-03      	3.686154e-02      
8.190807e-02      	4.581819e-05      	3.033439e-06      	1.414600e-03      	3.686154e-02      
8.301443e-02      	4.297287e-05      	2.880201e-06      	1.434675e-03      	3.686154e-02      
8.415109e-02      	3.694178e-05      	2.652179e-06      	1.455339e-03      	3.686154e-02      
8.531930e-02      	3.558393e-05      	2.556681e-06      	1.476620e-03      	3.686154e-02      
8.652041e-02      	3.003095e-05      	2.304115e-06      	1.498545e-03      	3.686154e-02      
8.775582e-02      	2.451425e-05      	2.062153e-06      	1.521145e-03      	3.686154e-02      
8.902702e-02      	2.068247e-05      	1.901773e-06      	1.544453e-03      	3.686154e-02      
9.033559e-02      	1.817627e-05      	1.799107e-06      	1.568501e-03      	3.686154e-02      
9.168320e-02      	1.965002e-05      	1.773926e-06      	1.593328e-03      	3.686154e-02      
9.307162e-02      	1.774076e-05      	1.671633e-06      	1.618972e-03      	3.686154e-02      
9.450275e-02      	1.896583e-05      	1.699210e-06      	1.645474e-03      	3.686154e-02      
9.597857e-02      	1.718721e-05      	1.618404e-06      	1.672880e-03      	3.686154e-02      
9.750122e-02      	1.910832e-05      	1.641025e-06      	1.701236e-03      	3.686154e-02      
9.907296e-02      	1.875230e-05      	1.639375e-06      	1.730594e-03      	3.686154e-02      
1.006962e-01      	1.524088e-05      	1.501121e-06      	1.761010e-03      	3.686154e-02      
1.023735e-01      	1.484581e-05      	1.489544e-06      	1.792542e-03      	3.686154e-02      
1.041077e-01      	1.378132e-05      	1.407265e-06      	1.825253e-03      	3.686154e-02      
1.059016e-01      	7.603098e-06      	1.207506e-06      	1.859213e-03      	3.686154e-02      
1.077584e-01      	8.571496e-06      	1.208005e-06      	1.894496e-03      	3.686154e-02      
1.096815e-01      	6.590348e-06      	1.127990e-06      	1.931181e-03      	3.686154e-02      
1.116745e-01      	8.213733e-06      	1.151758e-06      	1.969356e-03      	3.686154e-02      
1.137412e-01      	5.894099e-06      	1.194118e-06      	2.009115e-03      	3.686154e-02      
1.158859e-01      	7.828740e-06      	1.226105e-06      	2.050559e-03      	3.686154e-02      
1.181130e-01      	8.091153e-06      	1.162952e-06      	2.093801e-03      	3.686154e-02      
1.204274e-01      	1.013892e-05      	1.194652e-06      	2.138962e-03      	3.686154e-02      
1.228344e-01      	1.062479e-05      	1.212682e-06      	2.186175e-03      	3.686154e-02      
1.253395e-01      	7.802655e-06      	1.061572e-06      	2.235584e-03      	3.686154e-02      
1.279488e-01      	4.664106e-06      	9.666016e-07      	2.287350e-03      	3.686154e-02      
1.306692e-01      	4.312070e-06      	8.997035e-07      	2.341648e-03      	3.686154e-02      
1.335077e-01      	4.839835e-06      	9.330547e-07      	2.398671e-03      	3.686154e-02      
1.364724e-01      	4.442712e-06      	9.343207e-07      	2.458632e-03      	3.686154e-02      
1.395716e-01      	4.158714e-06      	8.962116e-07      	2.521767e-03      	3.686154e-02      
1.428149e-01      	4.839130e-06      	9.217318e-07      	2.588340e-03      	3.686154e-02      
1.462125e-01      	5.836128e-06      	9.361043e-07      	2.658643e-03      	3.686154e-02      
1.497757e-01      	5.447920e-06      	9.026325e-07      	2.733000e-03      	3.686154e-02      
1.535169e-01      	3.769169e-06      	8.521191e-07      	2.811778e-03      	3.686154e-02      
1.574499e-01      	2.441417e-06      	8.158029e-07      	2.895387e-03      	3.686154e-02      
1.615896e-01      	3.923265e-06      	8.476594e-07      	2.984288e-03      	3.686154e-02      
1.659529e-01      	4.384391e-06      	8.625312e-07      	3.079005e-03      	3.686154e-02      
1.705583e-01      	2.703484e-06      	8.483754e-07      	3.180129e-03      	3.686154e-02           