# Datafile created by QuickNXS 0.9.39
# Date: 2014-04-14 10:25:30
# Type: Specular
# Input file indices: 16244+16245+16246+16247
# Extracted states: -
# 
# [Direct Beam Runs]
# DB_ID  P0  PN  x_pos   x_width  y_pos   y_width  bg_pos  bg_width  dpix  tth           number  File                                            
# 1      0   0   157.7   6        132.5   59       84.8    125       158   2.86102e-06   16213   /SNS/REF_M/IPTS-10790/data/REF_M_16213_histo.nxs
# 2      0   0   157.6   6        132.5   59       84.8    125       158   2.86102e-06   16214   /SNS/REF_M/IPTS-10790/data/REF_M_16214_histo.nxs
# 
# [Data Runs]
# scale     P0    PN   x_pos   x_width  y_pos   y_width  bg_pos  bg_width  extract_fan  dpix  tth        number  DB_ID  File                                            
# 3.89045   86    32   159.2   6        133.5   65       84.8    125       False        158   0.694759   16244   1      /SNS/REF_M/IPTS-10790/data/REF_M_16244_histo.nxs
# 3.89045   115   4    159.3   6        133.5   65       84.8    125       False        158   0.694759   16245   2      /SNS/REF_M/IPTS-10790/data/REF_M_16245_histo.nxs
# 2.72898   115   4    160.7   7        133.5   65       84.8    125       False        158   1.37224    16246   2      /SNS/REF_M/IPTS-10790/data/REF_M_16246_histo.nxs
# 2.36048   114   2    161.5   8        133.5   65       84.8    125       False        158   2.72533    16247   2      /SNS/REF_M/IPTS-10790/data/REF_M_16247_histo.nxs
# 
# [Global Options]
# name           value
# sample_length  18   
# 
# [Data]
# Qz [Å⁻¹]            	R [a.u.]            	dR [a.u.]           	dQz [Å⁻¹]           	αi [rad]            
1.112288e-02      	9.483195e-01      	8.523680e-03      	2.260132e-04      	5.898241e-03      
1.124856e-02      	9.351840e-01      	7.694494e-03      	2.286325e-04      	5.898241e-03      
1.137712e-02      	9.503880e-01      	7.272670e-03      	2.313140e-04      	5.898241e-03      
1.150865e-02      	9.531393e-01      	6.884881e-03      	2.340596e-04      	5.898241e-03      
1.164325e-02      	9.436847e-01      	6.596791e-03      	2.368723e-04      	5.898241e-03      
1.178104e-02      	9.318653e-01      	6.362953e-03      	2.397540e-04      	5.898241e-03      
1.192213e-02      	9.546191e-01      	6.358039e-03      	2.427077e-04      	5.898241e-03      
1.206664e-02      	9.351682e-01      	6.138272e-03      	2.457360e-04      	5.898241e-03      
1.221470e-02      	9.450948e-01      	6.062912e-03      	2.488418e-04      	5.898241e-03      
1.236644e-02      	9.387392e-01      	5.909614e-03      	2.520281e-04      	5.898241e-03      
1.252199e-02      	9.333320e-01      	5.792817e-03      	2.552982e-04      	5.898241e-03      
1.268150e-02      	9.313512e-01      	5.629660e-03      	2.586556e-04      	5.898241e-03      
1.284514e-02      	9.321582e-01      	5.440892e-03      	2.621037e-04      	5.898241e-03      
1.301305e-02      	9.316080e-01      	5.274845e-03      	2.656463e-04      	5.898241e-03      
1.318540e-02      	9.434014e-01      	5.232763e-03      	2.692872e-04      	5.898241e-03      
1.336239e-02      	9.183140e-01      	5.097336e-03      	2.730311e-04      	5.898241e-03      
1.354419e-02      	9.180544e-01      	4.997530e-03      	2.768822e-04      	5.898241e-03      
1.373101e-02      	9.109934e-01      	4.888037e-03      	2.808451e-04      	5.898241e-03      
1.392305e-02      	9.094999e-01      	4.849947e-03      	2.849249e-04      	5.898241e-03      
1.412054e-02      	8.871607e-01      	4.837516e-03      	2.891271e-04      	5.898241e-03      
1.432371e-02      	8.793680e-01      	4.731227e-03      	2.934571e-04      	5.898241e-03      
1.453282e-02      	8.897392e-01      	4.543070e-03      	2.979211e-04      	5.898241e-03      
1.474812e-02      	8.795539e-01      	4.369989e-03      	3.025253e-04      	5.898241e-03      
1.496989e-02      	8.621965e-01      	4.238221e-03      	3.072767e-04      	5.898241e-03      
1.519844e-02      	8.692499e-01      	4.137234e-03      	3.121826e-04      	5.898241e-03      
1.543408e-02      	8.604588e-01      	4.115880e-03      	3.172505e-04      	5.898241e-03      
1.567713e-02      	8.360210e-01      	4.119606e-03      	3.224891e-04      	5.898241e-03      
1.592797e-02      	8.567263e-01      	4.168343e-03      	3.279067e-04      	5.898241e-03      
1.618696e-02      	8.315755e-01      	3.999992e-03      	3.335136e-04      	5.898241e-03      
1.641623e-02      	7.918436e-01      	3.076271e-03      	3.390215e-04      	5.884519e-03      
1.645451e-02      	7.570866e-01      	3.762190e-03      	3.393191e-04      	5.898241e-03      
1.669213e-02      	6.115545e-01      	2.568946e-03      	3.450312e-04      	5.884519e-03      
1.673106e-02      	5.798560e-01      	3.288295e-03      	3.453350e-04      	5.898241e-03      
1.697747e-02      	3.963305e-01      	1.933757e-03      	3.512623e-04      	5.884519e-03      
1.701706e-02      	3.706910e-01      	2.574389e-03      	3.515725e-04      	5.898241e-03      
1.727273e-02      	2.226242e-01      	1.366711e-03      	3.577277e-04      	5.884519e-03      
1.731301e-02      	2.122721e-01      	1.900919e-03      	3.580446e-04      	5.898241e-03      
1.757844e-02      	1.274951e-01      	1.004255e-03      	3.644410e-04      	5.884519e-03      
1.789517e-02      	9.271533e-02      	8.553321e-04      	3.714167e-04      	5.884519e-03      
1.822352e-02      	7.794946e-02      	8.228547e-04      	3.786716e-04      	5.884519e-03      
1.856415e-02      	6.911617e-02      	7.594334e-04      	3.862219e-04      	5.884519e-03      
1.891775e-02      	6.580467e-02      	7.166915e-04      	3.940874e-04      	5.884519e-03      
1.928508e-02      	6.237284e-02      	6.740783e-04      	4.022880e-04      	5.884519e-03      
1.966697e-02      	6.015721e-02      	6.495941e-04      	4.108461e-04      	5.884519e-03      
2.006428e-02      	5.961153e-02      	6.403754e-04      	4.197859e-04      	5.884519e-03      
2.047798e-02      	5.783054e-02      	6.279745e-04      	4.291341e-04      	5.884519e-03      
2.090909e-02      	5.706465e-02      	6.162126e-04      	4.389199e-04      	5.884519e-03      
2.135875e-02      	5.580608e-02      	6.066732e-04      	4.491751e-04      	5.884519e-03      
2.182817e-02      	5.303434e-02      	5.833259e-04      	4.599351e-04      	5.884519e-03      
2.231869e-02      	5.215638e-02      	5.689026e-04      	4.712385e-04      	5.884519e-03      
2.283177e-02      	4.987684e-02      	5.475000e-04      	4.831286e-04      	5.884519e-03      
2.336898e-02      	4.785136e-02      	5.311149e-04      	4.956530e-04      	5.884519e-03      
2.393209e-02      	4.467361e-02      	5.192559e-04      	5.088643e-04      	5.884519e-03      
2.452301e-02      	4.067254e-02      	5.002031e-04      	5.228219e-04      	5.884519e-03      
2.514384e-02      	3.814274e-02      	4.728964e-04      	5.375916e-04      	5.884519e-03      
2.579693e-02      	3.371438e-02      	4.551089e-04      	5.532483e-04      	5.884519e-03      
2.648485e-02      	3.020310e-02      	4.345263e-04      	5.698744e-04      	5.884519e-03      
2.721046e-02      	2.621487e-02      	3.994771e-04      	5.875654e-04      	5.884519e-03      
2.797695e-02      	2.292122e-02      	3.700494e-04      	6.064266e-04      	5.884519e-03      
2.878788e-02      	1.942682e-02      	3.610276e-04      	6.265816e-04      	5.884519e-03      
2.964722e-02      	1.587383e-02      	3.392951e-04      	6.481683e-04      	5.884519e-03      
3.055944e-02      	1.194940e-02      	3.092856e-04      	6.713465e-04      	5.884519e-03      
3.152958e-02      	9.473430e-03      	2.915777e-04      	6.963016e-04      	5.884519e-03      
3.237301e-02      	7.275281e-03      	8.336484e-05      	6.772772e-04      	1.160454e-02      
3.256334e-02      	6.800535e-03      	2.659160e-04      	7.232462e-04      	5.884519e-03      
3.291709e-02      	6.151897e-03      	7.523379e-05      	6.892670e-04      	1.160454e-02      
3.347978e-02      	4.963461e-03      	6.590339e-05      	7.016979e-04      	1.160454e-02      
3.366718e-02      	4.801901e-03      	2.640642e-04      	7.524296e-04      	5.884519e-03      
3.406204e-02      	4.071510e-03      	5.843143e-05      	7.145952e-04      	1.160454e-02      
3.466490e-02      	3.439505e-03      	5.328805e-05      	7.279862e-04      	1.160454e-02      
3.528949e-02      	2.672695e-03      	4.723899e-05      	7.418998e-04      	1.160454e-02      
3.593701e-02      	2.112585e-03      	4.419405e-05      	7.563691e-04      	1.160454e-02      
3.660873e-02      	1.753596e-03      	3.952680e-05      	7.714266e-04      	1.160454e-02      
3.730604e-02      	1.490418e-03      	3.525423e-05      	7.871110e-04      	1.160454e-02      
3.803043e-02      	1.192453e-03      	3.047207e-05      	8.034626e-04      	1.160454e-02      
3.878351e-02      	1.030012e-03      	2.780716e-05      	8.205253e-04      	1.160454e-02      
3.956701e-02      	1.099835e-03      	2.846498e-05      	8.383478e-04      	1.160454e-02      
4.038282e-02      	1.082999e-03      	2.811713e-05      	8.569823e-04      	1.160454e-02      
4.123299e-02      	1.092722e-03      	2.790900e-05      	8.764873e-04      	1.160454e-02      
4.211972e-02      	1.213186e-03      	2.929214e-05      	8.969257e-04      	1.160454e-02      
4.304543e-02      	1.278042e-03      	2.967728e-05      	9.183680e-04      	1.160454e-02      
4.401274e-02      	1.396336e-03      	3.052656e-05      	9.408902e-04      	1.160454e-02      
4.502453e-02      	1.478128e-03      	3.092204e-05      	9.645789e-04      	1.160454e-02      
4.608393e-02      	1.532983e-03      	3.122622e-05      	9.895279e-04      	1.160454e-02      
4.719438e-02      	1.538274e-03      	3.167483e-05      	1.015842e-03      	1.160454e-02      
4.835968e-02      	1.482226e-03      	3.141335e-05      	1.043638e-03      	1.160454e-02      
4.958398e-02      	1.350715e-03      	2.927515e-05      	1.073047e-03      	1.160454e-02      
5.087187e-02      	1.131325e-03      	2.745594e-05      	1.104217e-03      	1.160454e-02      
5.222845e-02      	9.872639e-04      	2.589356e-05      	1.137312e-03      	1.160454e-02      
5.365938e-02      	7.510618e-04      	2.231283e-05      	1.172521e-03      	1.160454e-02      
5.517090e-02      	5.743973e-04      	1.933584e-05      	1.210052e-03      	1.160454e-02      
5.677006e-02      	3.905110e-04      	1.692926e-05      	1.250149e-03      	1.160454e-02      
5.846469e-02      	2.556046e-04      	1.429180e-05      	1.293086e-03      	1.160454e-02      
6.026360e-02      	1.623915e-04      	1.199648e-05      	1.339179e-03      	1.160454e-02      
6.217673e-02      	1.159023e-04      	1.078548e-05      	1.388794e-03      	1.160454e-02      
6.394590e-02      	1.222931e-04      	6.537275e-06      	1.331200e-03      	2.330272e-02      
6.421531e-02      	1.099310e-04      	1.132961e-05      	1.442352e-03      	1.160454e-02      
6.500285e-02      	1.323665e-04      	6.260292e-06      	1.354348e-03      	2.330272e-02      
6.609533e-02      	1.652102e-04      	6.871914e-06      	1.378334e-03      	2.330272e-02      
6.639210e-02      	1.553569e-04      	1.583163e-05      	1.500346e-03      	1.160454e-02      
6.722517e-02      	1.814508e-04      	7.036412e-06      	1.403203e-03      	2.330272e-02      
6.839430e-02      	1.906845e-04      	7.067937e-06      	1.429006e-03      	2.330272e-02      
6.960481e-02      	2.185313e-04      	7.513440e-06      	1.455796e-03      	2.330272e-02      
7.085895e-02      	2.190193e-04      	7.578195e-06      	1.483633e-03      	2.330272e-02      
7.215912e-02      	2.070752e-04      	7.764220e-06      	1.512582e-03      	2.330272e-02      
7.350789e-02      	2.050524e-04      	7.583315e-06      	1.542709e-03      	2.330272e-02      
7.490804e-02      	1.840008e-04      	6.961621e-06      	1.574091e-03      	2.330272e-02      
7.636257e-02      	1.549876e-04      	6.185053e-06      	1.606809e-03      	2.330272e-02      
7.787470e-02      	1.092578e-04      	5.123635e-06      	1.640951e-03      	2.330272e-02      
7.944793e-02      	7.302230e-05      	4.174140e-06      	1.676613e-03      	2.330272e-02      
8.108602e-02      	4.350370e-05      	3.242800e-06      	1.713902e-03      	2.330272e-02      
8.279310e-02      	2.623064e-05      	2.529120e-06      	1.752935e-03      	2.330272e-02      
8.457360e-02      	1.381458e-05      	1.923441e-06      	1.793836e-03      	2.330272e-02      
8.643235e-02      	1.678500e-05      	2.059920e-06      	1.836748e-03      	2.330272e-02      
8.837464e-02      	2.585355e-05      	2.446220e-06      	1.881822e-03      	2.330272e-02      
9.040625e-02      	4.346949e-05      	3.031971e-06      	1.929233e-03      	2.330272e-02      
9.253345e-02      	6.159731e-05      	3.559090e-06      	1.979168e-03      	2.330272e-02      
9.476318e-02      	7.606448e-05      	4.022562e-06      	2.031837e-03      	2.330272e-02      
9.710301e-02      	8.672664e-05      	4.300441e-06      	2.087477e-03      	2.330272e-02      
9.956132e-02      	7.224933e-05      	3.844330e-06      	2.146347e-03      	2.330272e-02      
1.021473e-01      	5.074516e-05      	3.329956e-06      	2.208746e-03      	2.330272e-02      
1.048713e-01      	3.278570e-05      	2.744166e-06      	2.275001e-03      	2.330272e-02      
1.077444e-01      	1.746621e-05      	2.107578e-06      	2.345491e-03      	2.330272e-02      
1.107795e-01      	2.234530e-06      	9.857090e-07      	2.420636e-03      	2.330272e-02      
1.139905e-01      	5.530836e-06      	1.357929e-06      	2.500923e-03      	2.330272e-02      
1.173932e-01      	1.187518e-05      	1.867028e-06      	2.586902e-03      	2.330272e-02      
1.210053e-01      	1.661757e-05      	2.269749e-06      	2.679206e-03      	2.330272e-02      
1.248467e-01      	1.393189e-05      	2.233353e-06      	2.778572e-03      	2.330272e-02      
1.289401e-01      	8.954452e-06      	1.984766e-06      	2.885842e-03      	2.330272e-02      
1.333109e-01      	8.308354e-06      	2.284532e-06      	3.002004e-03      	2.330272e-02      
1.379885e-01      	5.420009e-06      	1.935127e-06      	3.128218e-03      	2.330272e-02      
1.430063e-01      	2.276472e-05      	7.545012e-06      	3.265845e-03      	2.330272e-02      
