# Datafile created by QuickNXS 0.9.39
# Date: 2014-04-14 10:25:30
# Type: Specular
# Input file indices: 16244+16245+16246+16247
# Extracted states: +
# 
# [Direct Beam Runs]
# DB_ID  P0  PN  x_pos   x_width  y_pos   y_width  bg_pos  bg_width  dpix  tth           number  File                                            
# 1      0   0   157.7   6        132.5   59       84.8    125       158   2.86102e-06   16213   /SNS/REF_M/IPTS-10790/data/REF_M_16213_histo.nxs
# 2      0   0   157.6   6        132.5   59       84.8    125       158   2.86102e-06   16214   /SNS/REF_M/IPTS-10790/data/REF_M_16214_histo.nxs
# 
# [Data Runs]
# scale     P0    PN   x_pos   x_width  y_pos   y_width  bg_pos  bg_width  extract_fan  dpix  tth        number  DB_ID  File                                            
# 3.89045   86    32   159.2   6        133.5   65       84.8    125       False        158   0.694759   16244   1      /SNS/REF_M/IPTS-10790/data/REF_M_16244_histo.nxs
# 3.89045   115   4    159.3   6        133.5   65       84.8    125       False        158   0.694759   16245   2      /SNS/REF_M/IPTS-10790/data/REF_M_16245_histo.nxs
# 2.72898   115   4    160.7   7        133.5   65       84.8    125       False        158   1.37224    16246   2      /SNS/REF_M/IPTS-10790/data/REF_M_16246_histo.nxs
# 2.36048   114   2    161.5   8        133.5   65       84.8    125       False        158   2.72533    16247   2      /SNS/REF_M/IPTS-10790/data/REF_M_16247_histo.nxs
# 
# [Global Options]
# name           value
# sample_length  18   
# 
# [Data]
# Qz [Å⁻¹]            	R [a.u.]            	dR [a.u.]           	dQz [Å⁻¹]           	αi [rad]            
1.112288e-02      	9.557832e-01      	8.606968e-03      	2.260132e-04      	5.898241e-03      
1.124856e-02      	9.552884e-01      	7.828300e-03      	2.286325e-04      	5.898241e-03      
1.137712e-02      	9.400939e-01      	7.267692e-03      	2.313140e-04      	5.898241e-03      
1.150865e-02      	9.548216e-01      	6.928831e-03      	2.340596e-04      	5.898241e-03      
1.164325e-02      	9.441561e-01      	6.634240e-03      	2.368723e-04      	5.898241e-03      
1.178104e-02      	9.555919e-01      	6.487473e-03      	2.397540e-04      	5.898241e-03      
1.192213e-02      	9.459082e-01      	6.359770e-03      	2.427077e-04      	5.898241e-03      
1.206664e-02      	9.406268e-01      	6.191509e-03      	2.457360e-04      	5.898241e-03      
1.221470e-02      	9.518656e-01      	6.119857e-03      	2.488418e-04      	5.898241e-03      
1.236644e-02      	9.519660e-01      	5.988060e-03      	2.520281e-04      	5.898241e-03      
1.252199e-02      	9.514166e-01      	5.886592e-03      	2.552982e-04      	5.898241e-03      
1.268150e-02      	9.396508e-01      	5.688029e-03      	2.586556e-04      	5.898241e-03      
1.284514e-02      	9.626678e-01      	5.569466e-03      	2.621037e-04      	5.898241e-03      
1.301305e-02      	9.437211e-01      	5.341695e-03      	2.656463e-04      	5.898241e-03      
1.318540e-02      	9.348759e-01      	5.234478e-03      	2.692872e-04      	5.898241e-03      
1.336239e-02      	9.319318e-01      	5.167102e-03      	2.730311e-04      	5.898241e-03      
1.354419e-02      	9.162826e-01      	5.019127e-03      	2.768822e-04      	5.898241e-03      
1.373101e-02      	9.272896e-01      	4.963185e-03      	2.808451e-04      	5.898241e-03      
1.392305e-02      	9.077661e-01      	4.870998e-03      	2.849249e-04      	5.898241e-03      
1.412054e-02      	9.016315e-01      	4.907593e-03      	2.891271e-04      	5.898241e-03      
1.432371e-02      	8.864810e-01      	4.778248e-03      	2.934571e-04      	5.898241e-03      
1.453282e-02      	8.964687e-01      	4.586885e-03      	2.979211e-04      	5.898241e-03      
1.474812e-02      	8.895546e-01      	4.421370e-03      	3.025253e-04      	5.898241e-03      
1.496989e-02      	8.797218e-01      	4.308974e-03      	3.072767e-04      	5.898241e-03      
1.519844e-02      	8.803920e-01      	4.189181e-03      	3.121826e-04      	5.898241e-03      
1.543408e-02      	8.658554e-01      	4.152669e-03      	3.172505e-04      	5.898241e-03      
1.567713e-02      	8.392839e-01      	4.151072e-03      	3.224891e-04      	5.898241e-03      
1.592797e-02      	8.509461e-01      	4.175515e-03      	3.279067e-04      	5.898241e-03      
1.618696e-02      	8.329298e-01      	4.025430e-03      	3.335136e-04      	5.898241e-03      
1.641623e-02      	7.771816e-01      	3.000125e-03      	3.390215e-04      	5.884519e-03      
1.645451e-02      	7.484669e-01      	3.759358e-03      	3.393191e-04      	5.898241e-03      
1.669213e-02      	5.943300e-01      	2.488833e-03      	3.450312e-04      	5.884519e-03      
1.673106e-02      	5.640309e-01      	3.258109e-03      	3.453350e-04      	5.898241e-03      
1.697747e-02      	3.713777e-01      	1.833325e-03      	3.512623e-04      	5.884519e-03      
1.701706e-02      	3.536526e-01      	2.526350e-03      	3.515725e-04      	5.898241e-03      
1.727273e-02      	2.003703e-01      	1.268506e-03      	3.577277e-04      	5.884519e-03      
1.731301e-02      	1.912328e-01      	1.812459e-03      	3.580446e-04      	5.898241e-03      
1.757844e-02      	1.084112e-01      	9.058024e-04      	3.644410e-04      	5.884519e-03      
1.789517e-02      	7.683372e-02      	7.619783e-04      	3.714167e-04      	5.884519e-03      
1.822352e-02      	6.539698e-02      	7.380466e-04      	3.786716e-04      	5.884519e-03      
1.856415e-02      	5.771711e-02      	6.797792e-04      	3.862219e-04      	5.884519e-03      
1.891775e-02      	5.592453e-02      	6.474004e-04      	3.940874e-04      	5.884519e-03      
1.928508e-02      	5.434790e-02      	6.167949e-04      	4.022880e-04      	5.884519e-03      
1.966697e-02      	5.390296e-02      	6.030447e-04      	4.108461e-04      	5.884519e-03      
2.006428e-02      	5.327879e-02      	5.936930e-04      	4.197859e-04      	5.884519e-03      
2.047798e-02      	5.528388e-02      	6.027083e-04      	4.291341e-04      	5.884519e-03      
2.090909e-02      	5.346015e-02      	5.853154e-04      	4.389199e-04      	5.884519e-03      
2.135875e-02      	5.247499e-02      	5.773248e-04      	4.491751e-04      	5.884519e-03      
2.182817e-02      	5.232718e-02      	5.690615e-04      	4.599351e-04      	5.884519e-03      
2.231869e-02      	4.973769e-02      	5.453705e-04      	4.712385e-04      	5.884519e-03      
2.283177e-02      	4.940088e-02      	5.351810e-04      	4.831286e-04      	5.884519e-03      
2.336898e-02      	4.687362e-02      	5.162434e-04      	4.956530e-04      	5.884519e-03      
2.393209e-02      	4.364858e-02      	5.039820e-04      	5.088643e-04      	5.884519e-03      
2.452301e-02      	4.046380e-02      	4.900677e-04      	5.228219e-04      	5.884519e-03      
2.514384e-02      	3.747843e-02      	4.603249e-04      	5.375916e-04      	5.884519e-03      
2.579693e-02      	3.445545e-02      	4.519423e-04      	5.532483e-04      	5.884519e-03      
2.648485e-02      	3.056937e-02      	4.293705e-04      	5.698744e-04      	5.884519e-03      
2.721046e-02      	2.709508e-02      	3.988815e-04      	5.875654e-04      	5.884519e-03      
2.797695e-02      	2.332401e-02      	3.665482e-04      	6.064266e-04      	5.884519e-03      
2.878788e-02      	1.955432e-02      	3.556209e-04      	6.265816e-04      	5.884519e-03      
2.964722e-02      	1.558847e-02      	3.300692e-04      	6.481683e-04      	5.884519e-03      
3.055944e-02      	1.218199e-02      	3.067534e-04      	6.713465e-04      	5.884519e-03      
3.152958e-02      	9.050852e-03      	2.798452e-04      	6.963016e-04      	5.884519e-03      
3.237301e-02      	7.222062e-03      	8.329987e-05      	6.772772e-04      	1.160454e-02      
3.256334e-02      	6.715298e-03      	2.594075e-04      	7.232462e-04      	5.884519e-03      
3.291709e-02      	6.004555e-03      	7.451339e-05      	6.892670e-04      	1.160454e-02      
3.347978e-02      	4.581810e-03      	6.345711e-05      	7.016979e-04      	1.160454e-02      
3.366718e-02      	4.824898e-03      	2.598263e-04      	7.524296e-04      	5.884519e-03      
3.406204e-02      	3.759077e-03      	5.628548e-05      	7.145952e-04      	1.160454e-02      
3.466490e-02      	3.022064e-03      	5.005413e-05      	7.279862e-04      	1.160454e-02      
3.528949e-02      	2.269847e-03      	4.363893e-05      	7.418998e-04      	1.160454e-02      
3.593701e-02      	1.749418e-03      	4.030690e-05      	7.563691e-04      	1.160454e-02      
3.660873e-02      	1.286118e-03      	3.392488e-05      	7.714266e-04      	1.160454e-02      
3.730604e-02      	9.585790e-04      	2.833667e-05      	7.871110e-04      	1.160454e-02      
3.803043e-02      	7.357381e-04      	2.399787e-05      	8.034626e-04      	1.160454e-02      
3.878351e-02      	6.453591e-04      	2.208520e-05      	8.205253e-04      	1.160454e-02      
3.956701e-02      	5.630142e-04      	2.042913e-05      	8.383478e-04      	1.160454e-02      
4.038282e-02      	6.459201e-04      	2.180321e-05      	8.569823e-04      	1.160454e-02      
4.123299e-02      	6.799691e-04      	2.207839e-05      	8.764873e-04      	1.160454e-02      
4.211972e-02      	7.896849e-04      	2.369857e-05      	8.969257e-04      	1.160454e-02      
4.304543e-02      	8.977367e-04      	2.494891e-05      	9.183680e-04      	1.160454e-02      
4.401274e-02      	1.015158e-03      	2.609187e-05      	9.408902e-04      	1.160454e-02      
4.502453e-02      	1.112412e-03      	2.689107e-05      	9.645789e-04      	1.160454e-02      
4.608393e-02      	1.182539e-03      	2.748393e-05      	9.895279e-04      	1.160454e-02      
4.719438e-02      	1.230665e-03      	2.843294e-05      	1.015842e-03      	1.160454e-02      
4.835968e-02      	1.197901e-03      	2.829875e-05      	1.043638e-03      	1.160454e-02      
4.958398e-02      	1.105274e-03      	2.655713e-05      	1.073047e-03      	1.160454e-02      
5.087187e-02      	8.772849e-04      	2.424838e-05      	1.104217e-03      	1.160454e-02      
5.222845e-02      	8.058445e-04      	2.347313e-05      	1.137312e-03      	1.160454e-02      
5.365938e-02      	6.114519e-04      	2.020031e-05      	1.172521e-03      	1.160454e-02      
5.517090e-02      	4.156347e-04      	1.651643e-05      	1.210052e-03      	1.160454e-02      
5.677006e-02      	3.002458e-04      	1.488998e-05      	1.250149e-03      	1.160454e-02      
5.846469e-02      	1.683495e-04      	1.166151e-05      	1.293086e-03      	1.160454e-02      
6.026360e-02      	7.903998e-05      	8.447245e-06      	1.339179e-03      	1.160454e-02      
6.217673e-02      	5.496607e-05      	7.619961e-06      	1.388794e-03      	1.160454e-02      
6.394590e-02      	6.979648e-05      	4.972780e-06      	1.331200e-03      	2.330272e-02      
6.421531e-02      	6.586748e-05      	8.832230e-06      	1.442352e-03      	1.160454e-02      
6.500285e-02      	1.002858e-04      	5.462016e-06      	1.354348e-03      	2.330272e-02      
6.609533e-02      	1.274221e-04      	6.049424e-06      	1.378334e-03      	2.330272e-02      
6.639210e-02      	1.533532e-04      	1.577055e-05      	1.500346e-03      	1.160454e-02      
6.722517e-02      	1.500839e-04      	6.404860e-06      	1.403203e-03      	2.330272e-02      
6.839430e-02      	1.690966e-04      	6.666749e-06      	1.429006e-03      	2.330272e-02      
6.960481e-02      	2.001914e-04      	7.203061e-06      	1.455796e-03      	2.330272e-02      
7.085895e-02      	2.040293e-04      	7.325147e-06      	1.483633e-03      	2.330272e-02      
7.215912e-02      	1.946275e-04      	7.534198e-06      	1.512582e-03      	2.330272e-02      
7.350789e-02      	1.973659e-04      	7.458244e-06      	1.542709e-03      	2.330272e-02      
7.490804e-02      	1.823471e-04      	6.933584e-06      	1.574091e-03      	2.330272e-02      
7.636257e-02      	1.459023e-04      	6.012008e-06      	1.606809e-03      	2.330272e-02      
7.787470e-02      	1.166195e-04      	5.293740e-06      	1.640951e-03      	2.330272e-02      
7.944793e-02      	8.283712e-05      	4.429579e-06      	1.676613e-03      	2.330272e-02      
8.108602e-02      	4.031439e-05      	3.135022e-06      	1.713902e-03      	2.330272e-02      
8.279310e-02      	2.147896e-05      	2.309891e-06      	1.752935e-03      	2.330272e-02      
8.457360e-02      	7.482759e-06      	1.503328e-06      	1.793836e-03      	2.330272e-02      
8.643235e-02      	1.027004e-05      	1.698351e-06      	1.836748e-03      	2.330272e-02      
8.837464e-02      	2.256643e-05      	2.275685e-06      	1.881822e-03      	2.330272e-02      
9.040625e-02      	4.130069e-05      	2.970075e-06      	1.929233e-03      	2.330272e-02      
9.253345e-02      	5.441598e-05      	3.369005e-06      	1.979168e-03      	2.330272e-02      
9.476318e-02      	7.934252e-05      	4.104027e-06      	2.031837e-03      	2.330272e-02      
9.710301e-02      	7.636491e-05      	4.046350e-06      	2.087477e-03      	2.330272e-02      
9.956132e-02      	6.216487e-05      	3.578270e-06      	2.146347e-03      	2.330272e-02      
1.021473e-01      	4.891866e-05      	3.262927e-06      	2.208746e-03      	2.330272e-02      
1.048713e-01      	3.042772e-05      	2.640230e-06      	2.275001e-03      	2.330272e-02      
1.077444e-01      	9.605918e-06      	1.633426e-06      	2.345491e-03      	2.330272e-02      
1.107795e-01      	2.295757e-06      	1.008757e-06      	2.420636e-03      	2.330272e-02      
1.139905e-01      	5.019601e-06      	1.300723e-06      	2.500923e-03      	2.330272e-02      
1.173932e-01      	1.467351e-05      	2.056230e-06      	2.586902e-03      	2.330272e-02      
1.210053e-01      	2.162667e-05      	2.581290e-06      	2.679206e-03      	2.330272e-02      
1.248467e-01      	1.187907e-05      	2.060909e-06      	2.778572e-03      	2.330272e-02      
1.289401e-01      	1.578331e-05      	2.491171e-06      	2.885842e-03      	2.330272e-02      
1.333109e-01      	9.454372e-06      	2.446481e-06      	3.002004e-03      	2.330272e-02      
1.379885e-01      	7.189002e-06      	2.130613e-06      	3.128218e-03      	2.330272e-02      
1.430063e-01      	1.969804e-05      	6.890363e-06      	3.265845e-03      	2.330272e-02      
