# Datafile created by QuickNXS 1.1.6
# Date: 2019-07-13 22:09:54
# Type: Specular
# Input file indices: 32310+[32311,32315]+[32313,32314]
# Extracted states: On_Off
# 
# [Direct Beam Runs]
# DB_ID  P0  PN  x_pos   x_width  y_pos   y_width  bg_pos  bg_width  dpix  tth          number  File                                            
# 1      0   0   189     9        131.5   95       54      100       189   -0.00280144  32298   /SNS/REF_M/IPTS-23754/data/REF_M_32298_histo.nxs
# 2      0   0   188.8   11       132     96       54      100       189   -0.00280144  32299   /SNS/REF_M/IPTS-23754/data/REF_M_32299_histo.nxs
# 3      0   0   188.9   15       134     96       54      100       189   -0.00280144  32300   /SNS/REF_M/IPTS-23754/data/REF_M_32300_histo.nxs
# 
# [Data Runs]
# scale     P0  PN   x_pos   x_width  y_pos   y_width  bg_pos  bg_width  extract_fan  dpix  tth           number         DB_ID  File                                                                                                      
# 5.5335    7   18   156.6   8        122.5   47       116     50        False        189   0.000933812   32310          1      /SNS/REF_M/IPTS-23754/data/REF_M_32310_histo.nxs                                                          
# 3.98107   5   7    174.5   8        122.5   47       116     50        False        189   1.0384        [32311,32315]  2      [u'/SNS/REF_M/IPTS-23754/data/REF_M_32311_histo.nxs', u'/SNS/REF_M/IPTS-23754/data/REF_M_32315_histo.nxs']
# 3.17687   5   5    179     8        122.5   47       116     50        False        189   3.60732       [32313,32314]  3      [u'/SNS/REF_M/IPTS-23754/data/REF_M_32313_histo.nxs', u'/SNS/REF_M/IPTS-23754/data/REF_M_32314_histo.nxs']
# 
# [Global Options]
# name           value
# sample_length  10   
# 
# [Data]
# Qz [Å⁻¹]            	R [a.u.]            	dR [a.u.]           	dQz [Å⁻¹]           	αi [rad]            
7.777338e-03      	9.924650e-01      	2.983388e-02      	1.585604e-04      	4.945023e-03      
7.851384e-03      	1.028793e+00      	2.970542e-02      	1.600973e-04      	4.945023e-03      
7.926854e-03      	9.241127e-01      	2.709580e-02      	1.616645e-04      	4.945023e-03      
8.003788e-03      	9.929254e-01      	2.829300e-02      	1.632630e-04      	4.945023e-03      
8.082230e-03      	9.688896e-01      	2.668783e-02      	1.648938e-04      	4.945023e-03      
8.162226e-03      	1.021057e+00      	2.656913e-02      	1.665577e-04      	4.945023e-03      
8.243820e-03      	9.898574e-01      	2.517067e-02      	1.682558e-04      	4.945023e-03      
8.327063e-03      	9.928661e-01      	2.419793e-02      	1.699893e-04      	4.945023e-03      
8.412003e-03      	1.030719e+00      	2.428758e-02      	1.717591e-04      	4.945023e-03      
8.498695e-03      	1.026549e+00      	2.376031e-02      	1.735666e-04      	4.945023e-03      
8.587192e-03      	9.456561e-01      	2.183513e-02      	1.754129e-04      	4.945023e-03      
8.677551e-03      	1.003939e+00      	2.177171e-02      	1.772993e-04      	4.945023e-03      
8.769832e-03      	9.731650e-01      	2.067172e-02      	1.792271e-04      	4.945023e-03      
8.864097e-03      	1.027116e+00      	2.074646e-02      	1.811978e-04      	4.945023e-03      
8.960410e-03      	9.877247e-01      	1.990352e-02      	1.832127e-04      	4.945023e-03      
9.058840e-03      	9.761762e-01      	1.937247e-02      	1.852734e-04      	4.945023e-03      
9.159455e-03      	9.480890e-01      	1.853700e-02      	1.873815e-04      	4.945023e-03      
9.262331e-03      	9.850072e-01      	1.853441e-02      	1.895387e-04      	4.945023e-03      
9.367545e-03      	9.925539e-01      	1.822907e-02      	1.917467e-04      	4.945023e-03      
9.475176e-03      	9.887349e-01      	1.775225e-02      	1.940073e-04      	4.945023e-03      
9.585309e-03      	1.012013e+00      	1.751949e-02      	1.963225e-04      	4.945023e-03      
9.698032e-03      	9.779528e-01      	1.644577e-02      	1.986943e-04      	4.945023e-03      
9.813438e-03      	1.000180e+00      	1.630376e-02      	2.011248e-04      	4.945023e-03      
9.931624e-03      	9.899615e-01      	1.609213e-02      	2.036163e-04      	4.945023e-03      
1.005269e-02      	9.986578e-01      	1.602891e-02      	2.061711e-04      	4.945023e-03      
1.017675e-02      	9.878859e-01      	1.569394e-02      	2.087916e-04      	4.945023e-03      
1.030390e-02      	1.000664e+00      	1.525352e-02      	2.114805e-04      	4.945023e-03      
1.043428e-02      	1.006898e+00      	1.449768e-02      	2.142405e-04      	4.945023e-03      
1.056799e-02      	1.021480e+00      	1.402146e-02      	2.170746e-04      	4.945023e-03      
1.070518e-02      	1.005707e+00      	1.351829e-02      	2.199856e-04      	4.945023e-03      
1.084597e-02      	9.983559e-01      	1.306748e-02      	2.229770e-04      	4.945023e-03      
1.099052e-02      	1.004101e+00      	1.247976e-02      	2.260520e-04      	4.945023e-03      
1.113897e-02      	1.014238e+00      	1.219809e-02      	2.292144e-04      	4.945023e-03      
1.129149e-02      	9.983144e-01      	1.199659e-02      	2.324678e-04      	4.945023e-03      
1.144824e-02      	1.010748e+00      	1.181376e-02      	2.358164e-04      	4.945023e-03      
1.160941e-02      	1.044236e+00      	1.146594e-02      	2.392645e-04      	4.945023e-03      
1.177518e-02      	1.012667e+00      	1.111512e-02      	2.428166e-04      	4.945023e-03      
1.194575e-02      	1.003862e+00      	1.064303e-02      	2.464775e-04      	4.945023e-03      
1.212133e-02      	1.026112e+00      	1.055238e-02      	2.502524e-04      	4.945023e-03      
1.230216e-02      	1.026681e+00      	1.022560e-02      	2.541468e-04      	4.945023e-03      
1.248846e-02      	1.053653e+00      	1.016493e-02      	2.581666e-04      	4.945023e-03      
1.268049e-02      	1.050152e+00      	1.004888e-02      	2.623179e-04      	4.945023e-03      
1.287851e-02      	1.009161e+00      	9.664788e-03      	2.666074e-04      	4.945023e-03      
1.308283e-02      	1.039705e+00      	9.808296e-03      	2.710423e-04      	4.945023e-03      
1.329372e-02      	1.017680e+00      	9.758606e-03      	2.756301e-04      	4.945023e-03      
1.351153e-02      	1.047556e+00      	9.624374e-03      	2.803792e-04      	4.945023e-03      
1.373660e-02      	1.042204e+00      	9.393179e-03      	2.852981e-04      	4.945023e-03      
1.396929e-02      	1.042382e+00      	9.317353e-03      	2.903965e-04      	4.945023e-03      
1.421000e-02      	1.045239e+00      	9.276775e-03      	2.956843e-04      	4.945023e-03      
1.445915e-02      	1.037051e+00      	9.213234e-03      	3.011726e-04      	4.945023e-03      
1.471719e-02      	1.016034e+00      	8.917178e-03      	3.068732e-04      	4.945023e-03      
1.498461e-02      	1.022779e+00      	8.856898e-03      	3.127988e-04      	4.945023e-03      
1.526193e-02      	9.610316e-01      	8.949625e-03      	3.189633e-04      	4.945023e-03      
1.554970e-02      	9.005326e-01      	8.616390e-03      	3.253815e-04      	4.945023e-03      
1.584854e-02      	8.365163e-01      	7.975373e-03      	3.320699e-04      	4.945023e-03      
1.615909e-02      	7.641485e-01      	7.301348e-03      	3.390461e-04      	4.945023e-03      
1.648205e-02      	6.620594e-01      	6.631054e-03      	3.463294e-04      	4.945023e-03      
1.681819e-02      	5.902936e-01      	6.163256e-03      	3.539410e-04      	4.945023e-03      
1.716832e-02      	4.921945e-01      	5.497288e-03      	3.619038e-04      	4.945023e-03      
1.739834e-02      	4.864222e-01      	6.890557e-03      	3.820293e-04      	1.127114e-02      
1.753334e-02      	3.947184e-01      	4.788459e-03      	3.702433e-04      	4.945023e-03      
1.756089e-02      	3.927101e-01      	5.511999e-03      	3.856521e-04      	1.127114e-02      
1.772651e-02      	3.125412e-01      	4.486083e-03      	3.893448e-04      	1.127114e-02      
1.789528e-02      	2.517890e-01      	3.724588e-03      	3.931094e-04      	1.127114e-02      
1.806729e-02      	2.034078e-01      	3.094338e-03      	3.969481e-04      	1.127114e-02      
1.824265e-02      	1.717469e-01      	2.666040e-03      	4.008630e-04      	1.127114e-02      
1.842144e-02      	1.515112e-01      	2.380194e-03      	4.048565e-04      	1.127114e-02      
1.860376e-02      	1.333026e-01      	2.108284e-03      	4.089311e-04      	1.127114e-02      
1.878974e-02      	1.183087e-01      	1.915124e-03      	4.130891e-04      	1.127114e-02      
1.897947e-02      	1.036747e-01      	1.692188e-03      	4.173332e-04      	1.127114e-02      
1.917307e-02      	9.162266e-02      	1.530938e-03      	4.216662e-04      	1.127114e-02      
1.937066e-02      	8.124804e-02      	1.381185e-03      	4.260909e-04      	1.127114e-02      
1.957237e-02      	7.548372e-02      	1.276876e-03      	4.306102e-04      	1.127114e-02      
1.977832e-02      	6.903086e-02      	1.178879e-03      	4.352272e-04      	1.127114e-02      
1.998865e-02      	6.406204e-02      	1.098157e-03      	4.399452e-04      	1.127114e-02      
2.020350e-02      	5.646615e-02      	9.886084e-04      	4.447676e-04      	1.127114e-02      
2.042303e-02      	5.282031e-02      	9.412792e-04      	4.496978e-04      	1.127114e-02      
2.064737e-02      	4.846112e-02      	8.721612e-04      	4.547396e-04      	1.127114e-02      
2.087670e-02      	4.296557e-02      	7.928904e-04      	4.598968e-04      	1.127114e-02      
2.111118e-02      	4.071712e-02      	7.539961e-04      	4.651734e-04      	1.127114e-02      
2.135099e-02      	3.774301e-02      	7.059826e-04      	4.705738e-04      	1.127114e-02      
2.159631e-02      	3.574165e-02      	6.704734e-04      	4.761023e-04      	1.127114e-02      
2.184733e-02      	3.290860e-02      	6.242295e-04      	4.817637e-04      	1.127114e-02      
2.210425e-02      	3.099194e-02      	5.907778e-04      	4.875627e-04      	1.127114e-02      
2.236729e-02      	2.814826e-02      	5.499957e-04      	4.935046e-04      	1.127114e-02      
2.263667e-02      	2.519628e-02      	5.066287e-04      	4.995946e-04      	1.127114e-02      
2.291261e-02      	2.343910e-02      	4.798730e-04      	5.058386e-04      	1.127114e-02      
2.319536e-02      	2.146642e-02      	4.419791e-04      	5.122424e-04      	1.127114e-02      
2.348518e-02      	2.022734e-02      	4.195769e-04      	5.188124e-04      	1.127114e-02      
2.378234e-02      	1.861230e-02      	3.891557e-04      	5.255551e-04      	1.127114e-02      
2.408711e-02      	1.714140e-02      	3.589442e-04      	5.324776e-04      	1.127114e-02      
2.439979e-02      	1.627056e-02      	3.378518e-04      	5.395872e-04      	1.127114e-02      
2.472070e-02      	1.482810e-02      	3.127407e-04      	5.468916e-04      	1.127114e-02      
2.505016e-02      	1.377815e-02      	2.916022e-04      	5.543992e-04      	1.127114e-02      
2.538852e-02      	1.203356e-02      	2.632249e-04      	5.621185e-04      	1.127114e-02      
2.573614e-02      	1.107532e-02      	2.454183e-04      	5.700587e-04      	1.127114e-02      
2.609342e-02      	1.006923e-02      	2.311424e-04      	5.782297e-04      	1.127114e-02      
2.646076e-02      	8.708412e-03      	2.061254e-04      	5.866417e-04      	1.127114e-02      
2.683859e-02      	7.523693e-03      	1.849120e-04      	5.953057e-04      	1.127114e-02      
2.722736e-02      	6.845233e-03      	1.725729e-04      	6.042333e-04      	1.127114e-02      
2.762756e-02      	5.696475e-03      	1.533534e-04      	6.134369e-04      	1.127114e-02      
2.803971e-02      	5.331551e-03      	1.442244e-04      	6.229296e-04      	1.127114e-02      
2.846433e-02      	4.693264e-03      	1.333221e-04      	6.327256e-04      	1.127114e-02      
2.890202e-02      	4.229515e-03      	1.248002e-04      	6.428396e-04      	1.127114e-02      
2.935337e-02      	3.627819e-03      	1.136086e-04      	6.532878e-04      	1.127114e-02      
2.981905e-02      	3.140545e-03      	1.043656e-04      	6.640872e-04      	1.127114e-02      
3.029974e-02      	2.790032e-03      	9.973039e-05      	6.752559e-04      	1.127114e-02      
3.079618e-02      	2.815991e-03      	9.877982e-05      	6.868137e-04      	1.127114e-02      
3.130916e-02      	2.909465e-03      	9.838100e-05      	6.987814e-04      	1.127114e-02      
3.183952e-02      	3.039168e-03      	9.890108e-05      	7.111816e-04      	1.127114e-02      
3.238815e-02      	3.191924e-03      	9.992794e-05      	7.240385e-04      	1.127114e-02      
3.295603e-02      	3.212773e-03      	9.939332e-05      	7.373783e-04      	1.127114e-02      
3.354417e-02      	3.479579e-03      	1.025382e-04      	7.512290e-04      	1.127114e-02      
3.415369e-02      	3.842936e-03      	1.085606e-04      	7.656211e-04      	1.127114e-02      
3.478577e-02      	4.105872e-03      	1.169778e-04      	7.805875e-04      	1.127114e-02      
3.544169e-02      	3.956293e-03      	1.130089e-04      	7.961637e-04      	1.127114e-02      
3.612281e-02      	4.025126e-03      	1.113025e-04      	8.123885e-04      	1.127114e-02      
3.683063e-02      	4.112831e-03      	1.091829e-04      	8.293038e-04      	1.127114e-02      
3.756675e-02      	4.004520e-03      	1.059565e-04      	8.469556e-04      	1.127114e-02      
3.833289e-02      	3.564585e-03      	9.890711e-05      	8.653937e-04      	1.127114e-02      
3.913092e-02      	3.227913e-03      	9.379644e-05      	8.846728e-04      	1.127114e-02      
3.996290e-02      	2.918578e-03      	8.788693e-05      	9.048529e-04      	1.127114e-02      
4.083101e-02      	2.488051e-03      	7.986616e-05      	9.259996e-04      	1.127114e-02      
4.173769e-02      	2.074256e-03      	7.183988e-05      	9.481854e-04      	1.127114e-02      
4.268554e-02      	1.467339e-03      	5.972630e-05      	9.714901e-04      	1.127114e-02      
4.367745e-02      	1.149959e-03      	5.230313e-05      	9.960021e-04      	1.127114e-02      
4.471655e-02      	8.050365e-04      	4.340827e-05      	1.021819e-03      	1.127114e-02      
4.580629e-02      	5.267027e-04      	3.535768e-05      	1.049051e-03      	1.127114e-02      
4.695048e-02      	3.427857e-04      	2.815193e-05      	1.077818e-03      	1.127114e-02      
4.815329e-02      	2.526872e-04      	2.475128e-05      	1.108256e-03      	1.127114e-02      
4.941936e-02      	1.519959e-04      	2.012354e-05      	1.140519e-03      	1.127114e-02      
5.075379e-02      	1.532732e-04      	1.965628e-05      	1.174778e-03      	1.127114e-02      
5.093663e-02      	1.488943e-04      	4.224572e-05      	9.608485e-04      	3.300350e-02      
5.141252e-02      	1.678929e-04      	4.393933e-05      	9.700082e-04      	3.300350e-02      
5.189739e-02      	2.699451e-04      	5.034015e-05      	9.793458e-04      	3.300350e-02      
5.216229e-02      	2.011792e-04      	2.315354e-05      	1.211226e-03      	1.127114e-02      
5.239149e-02      	2.022350e-04      	4.433990e-05      	9.888667e-04      	3.300350e-02      
5.289509e-02      	2.175950e-04      	4.307541e-05      	9.985764e-04      	3.300350e-02      
5.340847e-02      	2.540346e-04      	4.355264e-05      	1.008481e-03      	3.300350e-02      
5.393190e-02      	3.338350e-04      	4.972100e-05      	1.018585e-03      	3.300350e-02      
5.446570e-02      	3.933347e-04      	5.108874e-05      	1.028896e-03      	3.300350e-02      
5.501018e-02      	3.511545e-04      	4.679593e-05      	1.039421e-03      	3.300350e-02      
5.556564e-02      	4.704739e-04      	5.224261e-05      	1.050165e-03      	3.300350e-02      
5.613245e-02      	5.173330e-04      	5.371469e-05      	1.061136e-03      	3.300350e-02      
5.671093e-02      	6.881819e-04      	5.981087e-05      	1.072341e-03      	3.300350e-02      
5.730146e-02      	6.775114e-04      	5.769716e-05      	1.083788e-03      	3.300350e-02      
5.790442e-02      	8.748335e-04      	6.377865e-05      	1.095485e-03      	3.300350e-02      
5.852020e-02      	6.952398e-04      	5.537716e-05      	1.107440e-03      	3.300350e-02      
5.914922e-02      	7.275106e-04      	5.502507e-05      	1.119661e-03      	3.300350e-02      
5.979191e-02      	7.116313e-04      	5.334141e-05      	1.132159e-03      	3.300350e-02      
6.044872e-02      	6.645938e-04      	5.052456e-05      	1.144943e-03      	3.300350e-02      
6.112012e-02      	6.786670e-04      	4.945306e-05      	1.158022e-03      	3.300350e-02      
6.180660e-02      	7.522670e-04      	5.080323e-05      	1.171407e-03      	3.300350e-02      
6.250868e-02      	5.815771e-04      	4.408290e-05      	1.185110e-03      	3.300350e-02      
6.322689e-02      	5.756688e-04      	4.263721e-05      	1.199141e-03      	3.300350e-02      
6.396179e-02      	4.535217e-04      	3.746436e-05      	1.213512e-03      	3.300350e-02      
6.471398e-02      	4.111603e-04      	3.476116e-05      	1.228237e-03      	3.300350e-02      
6.548408e-02      	3.645701e-04      	3.214939e-05      	1.243329e-03      	3.300350e-02      
6.627272e-02      	2.316583e-04      	2.612694e-05      	1.258802e-03      	3.300350e-02      
6.708059e-02      	1.970356e-04      	2.287808e-05      	1.274670e-03      	3.300350e-02      
6.790840e-02      	1.743223e-04      	2.138403e-05      	1.290950e-03      	3.300350e-02      
6.875690e-02      	1.219146e-04      	1.750273e-05      	1.307657e-03      	3.300350e-02      
6.962686e-02      	1.041388e-04      	1.624380e-05      	1.324809e-03      	3.300350e-02      
7.051913e-02      	9.444802e-05      	1.552954e-05      	1.342424e-03      	3.300350e-02      
7.143456e-02      	9.036252e-05      	1.471608e-05      	1.360521e-03      	3.300350e-02      
7.237407e-02      	1.165920e-04      	1.555299e-05      	1.379121e-03      	3.300350e-02      
7.333862e-02      	9.563736e-05      	1.448996e-05      	1.398245e-03      	3.300350e-02      
7.432923e-02      	1.066192e-04      	1.434256e-05      	1.417916e-03      	3.300350e-02      
7.534696e-02      	9.966516e-05      	1.358633e-05      	1.438158e-03      	3.300350e-02      
7.639296e-02      	9.954064e-05      	1.327668e-05      	1.458997e-03      	3.300350e-02      
7.746840e-02      	1.005143e-04      	1.259983e-05      	1.480459e-03      	3.300350e-02      
7.857455e-02      	1.055911e-04      	1.259717e-05      	1.502575e-03      	3.300350e-02      
7.971276e-02      	1.229546e-04      	1.348337e-05      	1.525373e-03      	3.300350e-02      
8.088442e-02      	1.212806e-04      	1.290886e-05      	1.548888e-03      	3.300350e-02      
8.209104e-02      	1.322157e-04      	1.315466e-05      	1.573154e-03      	3.300350e-02      
8.333420e-02      	1.151146e-04      	1.203052e-05      	1.598207e-03      	3.300350e-02      
8.461560e-02      	9.976227e-05      	1.149679e-05      	1.624088e-03      	3.300350e-02      
8.593702e-02      	8.768847e-05      	1.030426e-05      	1.650839e-03      	3.300350e-02      
8.730037e-02      	6.495657e-05      	9.249462e-06      	1.678505e-03      	3.300350e-02      
8.870767e-02      	5.697957e-05      	8.920882e-06      	1.707135e-03      	3.300350e-02      
9.016108e-02      	5.429910e-05      	8.432568e-06      	1.736780e-03      	3.300350e-02      
9.166292e-02      	5.416929e-05      	8.428308e-06      	1.767497e-03      	3.300350e-02      
9.321564e-02      	6.282390e-05      	8.722729e-06      	1.799346e-03      	3.300350e-02      
9.482186e-02      	3.915454e-05      	7.499795e-06      	1.832391e-03      	3.300350e-02      
9.648442e-02      	5.491277e-05      	8.239555e-06      	1.866703e-03      	3.300350e-02      
9.820631e-02      	5.060797e-05      	7.942281e-06      	1.902357e-03      	3.300350e-02      
9.999078e-02      	5.004192e-05      	7.989809e-06      	1.939434e-03      	3.300350e-02      
1.018413e-01      	2.715334e-05      	7.074299e-06      	1.978024e-03      	3.300350e-02      
1.037616e-01      	4.117668e-05      	7.650845e-06      	2.018221e-03      	3.300350e-02      
1.057557e-01      	2.711300e-05      	6.688803e-06      	2.060131e-03      	3.300350e-02      
1.078280e-01      	3.320538e-05      	6.582011e-06      	2.103867e-03      	3.300350e-02      
1.099831e-01      	2.667952e-05      	6.228255e-06      	2.149554e-03      	3.300350e-02      
1.122261e-01      	7.260982e-06      	4.540852e-06      	2.197327e-03      	3.300350e-02      
1.145625e-01      	2.628717e-05      	6.201726e-06      	2.247334e-03      	3.300350e-02      
1.169982e-01      	3.057706e-05      	6.095089e-06      	2.299739e-03      	3.300350e-02      
1.195398e-01      	2.965746e-05      	5.964918e-06      	2.354722e-03      	3.300350e-02      
1.221942e-01      	2.249853e-05      	5.551654e-06      	2.412480e-03      	3.300350e-02      
1.249692e-01      	2.598637e-05      	5.651557e-06      	2.473234e-03      	3.300350e-02      
1.278732e-01      	2.642921e-05      	5.447438e-06      	2.537225e-03      	3.300350e-02      
1.309153e-01      	2.087960e-05      	5.322022e-06      	2.604724e-03      	3.300350e-02      
1.341058e-01      	1.834245e-05      	4.633478e-06      	2.676031e-03      	3.300350e-02      
1.374556e-01      	8.483586e-06      	4.322915e-06      	2.751484e-03      	3.300350e-02      
1.409770e-01      	1.177634e-05      	4.289993e-06      	2.831459e-03      	3.300350e-02      
1.446836e-01      	1.454608e-05      	4.647574e-06      	2.916381e-03      	3.300350e-02      
1.485904e-01      	1.802958e-05      	4.767527e-06      	3.006730e-03      	3.300350e-02      
1.527140e-01      	7.260622e-07      	3.681206e-06      	3.103047e-03      	3.300350e-02      
1.570731e-01      	1.152186e-05      	6.452071e-06      	3.205951e-03      	3.300350e-02      
