# Datafile created by QuickNXS 0.9.39
# Date: 2014-04-14 15:58:07
# Type: Specular
# Input file indices: 16252+16253+16254+16255
# Extracted states: -
# 
# [Direct Beam Runs]
# DB_ID  P0  PN  x_pos   x_width  y_pos   y_width  bg_pos  bg_width  dpix  tth           number  File                                            
# 1      0   0   157.7   6        132.5   59       84.8    125       158   2.86102e-06   16213   /SNS/REF_M/IPTS-10790/data/REF_M_16213_histo.nxs
# 2      0   0   157.6   6        132.5   59       84.8    125       158   2.86102e-06   16214   /SNS/REF_M/IPTS-10790/data/REF_M_16214_histo.nxs
# 
# [Data Runs]
# scale     P0    PN   x_pos   x_width  y_pos   y_width  bg_pos  bg_width  extract_fan  dpix  tth        number  DB_ID  File                                            
# 6.0256    86    27   153.1   7        133.5   65       78.6    112.5     False        158   0.695226   16252   1      /SNS/REF_M/IPTS-10790/data/REF_M_16252_histo.nxs
# 5.30884   113   12   144.3   7        133.5   65       78.6    112.5     False        158   0.695226   16253   2      /SNS/REF_M/IPTS-10790/data/REF_M_16253_histo.nxs
# 3.75837   113   5    154.5   8        133.5   65       78.6    112.5     False        158   1.37271    16254   2      /SNS/REF_M/IPTS-10790/data/REF_M_16254_histo.nxs
# 2.45471   113   2    153.6   8        133.5   65       78.6    112.5     False        158   2.72347    16255   2      /SNS/REF_M/IPTS-10790/data/REF_M_16255_histo.nxs
# 
# [Global Options]
# name           value
# sample_length  18   
# 
# [Data]
# Qz [Å⁻¹]            	R [a.u.]            	dR [a.u.]           	dQz [Å⁻¹]           	αi [rad]            
1.270912e-02      	9.731848e-01      	7.914990e-03      	2.300002e-04      	6.739406e-03      
1.285273e-02      	9.499322e-01      	7.102483e-03      	2.326830e-04      	6.739406e-03      
1.299962e-02      	9.568519e-01      	6.680699e-03      	2.354302e-04      	6.739406e-03      
1.314990e-02      	9.386975e-01      	6.245835e-03      	2.382436e-04      	6.739406e-03      
1.330370e-02      	9.412218e-01      	6.027014e-03      	2.411265e-04      	6.739406e-03      
1.346114e-02      	9.297066e-01      	5.813566e-03      	2.440806e-04      	6.739406e-03      
1.362236e-02      	9.318711e-01      	5.739128e-03      	2.471094e-04      	6.739406e-03      
1.378748e-02      	9.278133e-01      	5.590585e-03      	2.502155e-04      	6.739406e-03      
1.395665e-02      	9.243903e-01      	5.478305e-03      	2.534018e-04      	6.739406e-03      
1.413002e-02      	9.115670e-01      	5.317499e-03      	2.566717e-04      	6.739406e-03      
1.430776e-02      	9.034302e-01      	5.202675e-03      	2.600284e-04      	6.739406e-03      
1.449002e-02      	8.956034e-01      	5.037346e-03      	2.634756e-04      	6.739406e-03      
1.467699e-02      	8.983096e-01      	4.874368e-03      	2.670170e-04      	6.739406e-03      
1.486885e-02      	8.984971e-01      	4.727679e-03      	2.706566e-04      	6.739406e-03      
1.506578e-02      	9.070081e-01      	4.682083e-03      	2.743984e-04      	6.739406e-03      
1.526801e-02      	8.889495e-01      	4.577481e-03      	2.782473e-04      	6.739406e-03      
1.547574e-02      	8.723045e-01      	4.440873e-03      	2.822076e-04      	6.739406e-03      
1.568920e-02      	8.456964e-01      	4.286769e-03      	2.862844e-04      	6.739406e-03      
1.590862e-02      	7.890658e-01      	4.094958e-03      	2.904828e-04      	6.739406e-03      
1.613428e-02      	7.076356e-01      	3.897797e-03      	2.948089e-04      	6.739406e-03      
1.636643e-02      	6.076098e-01      	3.522904e-03      	2.992683e-04      	6.739406e-03      
1.660535e-02      	5.342728e-01      	3.133760e-03      	3.038675e-04      	6.739406e-03      
1.685136e-02      	4.475882e-01      	2.757925e-03      	3.086133e-04      	6.739406e-03      
1.710476e-02      	3.656821e-01      	2.428668e-03      	3.135127e-04      	6.739406e-03      
1.736590e-02      	2.983156e-01      	2.120288e-03      	3.185738e-04      	6.739406e-03      
1.763514e-02      	2.264891e-01      	1.837622e-03      	3.238044e-04      	6.739406e-03      
1.791286e-02      	1.668344e-01      	1.596093e-03      	3.292139e-04      	6.739406e-03      
1.819947e-02      	1.186960e-01      	1.338617e-03      	3.348110e-04      	6.739406e-03      
1.849540e-02      	9.403532e-02      	1.159987e-03      	3.406068e-04      	6.739406e-03      
1.880110e-02      	7.621611e-02      	1.032728e-03      	3.466110e-04      	6.739406e-03      
1.911709e-02      	6.536906e-02      	9.650686e-04      	3.528364e-04      	6.739406e-03      
1.944388e-02      	6.435944e-02      	9.503460e-04      	3.592951e-04      	6.739406e-03      
1.978203e-02      	6.150873e-02      	9.158560e-04      	3.660007e-04      	6.739406e-03      
2.013215e-02      	6.062101e-02      	9.104981e-04      	3.729680e-04      	6.739406e-03      
2.049489e-02      	5.919349e-02      	9.064847e-04      	3.802126e-04      	6.739406e-03      
2.087095e-02      	5.812846e-02      	9.479930e-04      	3.877525e-04      	6.739406e-03      
2.126106e-02      	5.612352e-02      	1.004879e-03      	3.956053e-04      	6.739406e-03      
2.146049e-02      	5.729547e-02      	8.199987e-04      	3.450858e-04      	7.947013e-03      
2.180944e-02      	5.567856e-02      	6.367794e-04      	3.511712e-04      	7.947013e-03      
2.216993e-02      	5.602252e-02      	5.895932e-04      	3.574806e-04      	7.947013e-03      
2.254253e-02      	5.290607e-02      	5.630771e-04      	3.640279e-04      	7.947013e-03      
2.292787e-02      	5.154758e-02      	5.433167e-04      	3.708263e-04      	7.947013e-03      
2.332662e-02      	5.071412e-02      	5.285042e-04      	3.778910e-04      	7.947013e-03      
2.373948e-02      	4.827142e-02      	5.118083e-04      	3.852383e-04      	7.947013e-03      
2.416722e-02      	4.565420e-02      	5.010122e-04      	3.928854e-04      	7.947013e-03      
2.461065e-02      	4.371635e-02      	5.159036e-04      	4.008525e-04      	7.947013e-03      
2.507067e-02      	4.016086e-02      	4.851285e-04      	4.091586e-04      	7.947013e-03      
2.554820e-02      	3.805186e-02      	4.567383e-04      	4.178277e-04      	7.947013e-03      
2.604428e-02      	3.579133e-02      	4.279395e-04      	4.268838e-04      	7.947013e-03      
2.656001e-02      	3.333890e-02      	4.051831e-04      	4.363540e-04      	7.947013e-03      
2.709658e-02      	2.984205e-02      	3.792033e-04      	4.462677e-04      	7.947013e-03      
2.765527e-02      	2.634028e-02      	3.544276e-04      	4.566569e-04      	7.947013e-03      
2.823749e-02      	2.360798e-02      	3.311700e-04      	4.675580e-04      	7.947013e-03      
2.884475e-02      	2.053812e-02      	3.072972e-04      	4.790094e-04      	7.947013e-03      
2.947870e-02      	1.813351e-02      	2.847527e-04      	4.910550e-04      	7.947013e-03      
3.014114e-02      	1.535879e-02      	2.575465e-04      	5.037421e-04      	7.947013e-03      
3.083404e-02      	1.317955e-02      	2.347529e-04      	5.171247e-04      	7.947013e-03      
3.155954e-02      	1.027685e-02      	2.052490e-04      	5.312618e-04      	7.947013e-03      
3.232002e-02      	8.351215e-03      	1.872952e-04      	5.462190e-04      	7.947013e-03      
3.311804e-02      	6.695830e-03      	1.693937e-04      	5.620710e-04      	7.947013e-03      
3.364551e-02      	5.770599e-03      	1.671784e-04      	6.610691e-04      	1.245943e-02      
3.395647e-02      	5.020483e-03      	1.431927e-04      	5.789004e-04      	7.947013e-03      
3.419259e-02      	4.531854e-03      	1.166791e-04      	6.724270e-04      	1.245943e-02      
3.475776e-02      	3.855994e-03      	9.926367e-05      	6.841897e-04      	1.245943e-02      
3.483846e-02      	3.525108e-03      	1.229394e-04      	5.968020e-04      	7.947013e-03      
3.534192e-02      	2.875691e-03      	8.431609e-05      	6.963813e-04      	1.245943e-02      
3.576748e-02      	2.747110e-03      	1.096045e-04      	6.158802e-04      	7.947013e-03      
3.594606e-02      	2.222358e-03      	7.242582e-05      	7.090252e-04      	1.245943e-02      
3.657120e-02      	1.805789e-03      	6.408159e-05      	7.221476e-04      	1.245943e-02      
3.721849e-02      	1.417408e-03      	5.635279e-05      	7.357768e-04      	1.245943e-02      
3.788908e-02      	1.163357e-03      	5.152700e-05      	7.499427e-04      	1.245943e-02      
3.858430e-02      	1.067996e-03      	5.198048e-05      	7.646797e-04      	1.245943e-02      
3.930550e-02      	1.043595e-03      	5.038982e-05      	7.800214e-04      	1.245943e-02      
4.005418e-02      	1.112473e-03      	5.038779e-05      	7.960083e-04      	1.245943e-02      
4.083193e-02      	1.022255e-03      	4.672145e-05      	8.126818e-04      	1.245943e-02      
4.164048e-02      	1.201686e-03      	4.973202e-05      	8.300881e-04      	1.245943e-02      
4.248171e-02      	1.333683e-03      	5.187929e-05      	8.482774e-04      	1.245943e-02      
4.335761e-02      	1.400273e-03      	5.299764e-05      	8.673043e-04      	1.245943e-02      
4.427041e-02      	1.550076e-03      	5.506904e-05      	8.872299e-04      	1.245943e-02      
4.522246e-02      	1.662180e-03      	5.679657e-05      	9.081198e-04      	1.245943e-02      
4.621636e-02      	1.606544e-03      	5.507104e-05      	9.300474e-04      	1.245943e-02      
4.725492e-02      	1.674557e-03      	5.530218e-05      	9.530924e-04      	1.245943e-02      
4.834124e-02      	1.580091e-03      	5.290646e-05      	9.773455e-04      	1.245943e-02      
4.947869e-02      	1.424125e-03      	4.979075e-05      	1.002905e-03      	1.245943e-02      
5.067094e-02      	1.338203e-03      	4.889470e-05      	1.029880e-03      	1.245943e-02      
5.192208e-02      	1.168439e-03      	4.615199e-05      	1.058394e-03      	1.245943e-02      
5.323656e-02      	9.717345e-04      	4.110691e-05      	1.088585e-03      	1.245943e-02      
5.461933e-02      	6.546725e-04      	3.464603e-05      	1.120607e-03      	1.245943e-02      
5.607585e-02      	4.595219e-04      	2.932300e-05      	1.154635e-03      	1.245943e-02      
5.761218e-02      	2.806000e-04      	2.277514e-05      	1.190866e-03      	1.245943e-02      
5.923505e-02      	1.828657e-04      	1.818962e-05      	1.229520e-03      	1.245943e-02      
6.095201e-02      	1.069123e-04      	1.481484e-05      	1.270855e-03      	1.245943e-02      
6.277147e-02      	8.570779e-05      	1.385717e-05      	1.315162e-03      	1.245943e-02      
6.470289e-02      	1.170382e-04      	1.710468e-05      	1.362773e-03      	1.245943e-02      
6.580551e-02      	1.489675e-04      	1.274954e-05      	1.317466e-03      	2.437053e-02      
6.675696e-02      	1.672198e-04      	2.148334e-05      	1.414078e-03      	1.245943e-02      
6.687552e-02      	1.526504e-04      	1.017587e-05      	1.340057e-03      	2.437053e-02      
6.798090e-02      	1.919591e-04      	1.049414e-05      	1.363451e-03      	2.437053e-02      
6.894571e-02      	1.933504e-04      	2.471791e-05      	1.469523e-03      	1.245943e-02      
6.912343e-02      	1.968256e-04      	1.046207e-05      	1.387695e-03      	2.437053e-02      
7.030503e-02      	2.149138e-04      	1.066536e-05      	1.412837e-03      	2.437053e-02      
7.152773e-02      	2.254491e-04      	1.070818e-05      	1.438928e-03      	2.437053e-02      
7.279371e-02      	1.921258e-04      	9.834168e-06      	1.466023e-03      	2.437053e-02      
7.410529e-02      	1.943914e-04      	9.969597e-06      	1.494183e-03      	2.437053e-02      
7.546503e-02      	1.592285e-04      	9.525093e-06      	1.523474e-03      	2.437053e-02      
7.687560e-02      	1.287381e-04      	8.434904e-06      	1.553964e-03      	2.437053e-02      
7.833989e-02      	9.730518e-05      	7.123327e-06      	1.585731e-03      	2.437053e-02      
7.986106e-02      	7.255162e-05      	5.972811e-06      	1.618859e-03      	2.437053e-02      
8.144246e-02      	3.862096e-05      	4.346240e-06      	1.653439e-03      	2.437053e-02      
8.308776e-02      	2.232245e-05      	3.349807e-06      	1.689568e-03      	2.437053e-02      
8.480091e-02      	1.114892e-05      	2.522596e-06      	1.727356e-03      	2.437053e-02      
8.658620e-02      	1.780081e-05      	2.973870e-06      	1.766923e-03      	2.437053e-02      
8.844826e-02      	2.266881e-05      	3.272065e-06      	1.808397e-03      	2.437053e-02      
9.039218e-02      	4.971217e-05      	4.652660e-06      	1.851924e-03      	2.437053e-02      
9.242346e-02      	7.287073e-05      	5.512242e-06      	1.897662e-03      	2.437053e-02      
9.454814e-02      	8.682675e-05      	5.915939e-06      	1.945788e-03      	2.437053e-02      
9.677280e-02      	7.254448e-05      	5.372591e-06      	1.996496e-03      	2.437053e-02      
9.910468e-02      	7.536908e-05      	5.580048e-06      	2.050001e-03      	2.437053e-02      
1.015517e-01      	5.099269e-05      	4.668390e-06      	2.106548e-03      	2.437053e-02      
1.041226e-01      	3.451637e-05      	3.770834e-06      	2.166405e-03      	2.437053e-02      
1.068271e-01      	1.384370e-05      	2.529392e-06      	2.229880e-03      	2.437053e-02      
1.096759e-01      	4.649743e-06      	1.716451e-06      	2.297311e-03      	2.437053e-02      
1.126807e-01      	5.896989e-06      	1.949686e-06      	2.369090e-03      	2.437053e-02      
1.158548e-01      	7.425046e-06      	1.989442e-06      	2.445649e-03      	2.437053e-02      
1.192129e-01      	1.384901e-05      	2.713478e-06      	2.527495e-03      	2.437053e-02      
1.227715e-01      	2.174734e-05      	3.371596e-06      	2.615197e-03      	2.437053e-02      
1.265490e-01      	1.702865e-05      	3.201587e-06      	2.709410e-03      	2.437053e-02      
1.305665e-01      	1.411508e-05      	3.111878e-06      	2.810899e-03      	2.437053e-02      
1.348473e-01      	5.786215e-06      	2.423681e-06      	2.920537e-03      	2.437053e-02      
1.394185e-01      	7.171796e-06      	2.919313e-06      	3.039353e-03      	2.437053e-02      
1.443103e-01      	8.904031e-06      	3.179462e-06      	3.168548e-03      	2.437053e-02      
1.495580e-01      	4.790105e-06      	6.088337e-06      	3.309541e-03      	2.437053e-02      
