# Datafile created by QuickNXS 0.9.39
# Date: 2014-04-14 15:58:07
# Type: Specular
# Input file indices: 16252+16253+16254+16255
# Extracted states: +
# 
# [Direct Beam Runs]
# DB_ID  P0  PN  x_pos   x_width  y_pos   y_width  bg_pos  bg_width  dpix  tth           number  File                                            
# 1      0   0   157.7   6        132.5   59       84.8    125       158   2.86102e-06   16213   /SNS/REF_M/IPTS-10790/data/REF_M_16213_histo.nxs
# 2      0   0   157.6   6        132.5   59       84.8    125       158   2.86102e-06   16214   /SNS/REF_M/IPTS-10790/data/REF_M_16214_histo.nxs
# 
# [Data Runs]
# scale     P0    PN   x_pos   x_width  y_pos   y_width  bg_pos  bg_width  extract_fan  dpix  tth        number  DB_ID  File                                            
# 6.0256    86    27   153.1   7        133.5   65       78.6    112.5     False        158   0.695226   16252   1      /SNS/REF_M/IPTS-10790/data/REF_M_16252_histo.nxs
# 5.30884   113   12   144.3   7        133.5   65       78.6    112.5     False        158   0.695226   16253   2      /SNS/REF_M/IPTS-10790/data/REF_M_16253_histo.nxs
# 3.75837   113   5    154.5   8        133.5   65       78.6    112.5     False        158   1.37271    16254   2      /SNS/REF_M/IPTS-10790/data/REF_M_16254_histo.nxs
# 2.45471   113   2    153.6   8        133.5   65       78.6    112.5     False        158   2.72347    16255   2      /SNS/REF_M/IPTS-10790/data/REF_M_16255_histo.nxs
# 
# [Global Options]
# name           value
# sample_length  18   
# 
# [Data]
# Qz [Å⁻¹]            	R [a.u.]            	dR [a.u.]           	dQz [Å⁻¹]           	αi [rad]            
1.270912e-02      	9.639245e-01      	7.899321e-03      	2.300002e-04      	6.739406e-03      
1.285273e-02      	9.507876e-01      	7.130787e-03      	2.326830e-04      	6.739406e-03      
1.299962e-02      	9.438596e-01      	6.651864e-03      	2.354302e-04      	6.739406e-03      
1.314990e-02      	9.498658e-01      	6.309817e-03      	2.382436e-04      	6.739406e-03      
1.330370e-02      	9.377978e-01      	6.035441e-03      	2.411265e-04      	6.739406e-03      
1.346114e-02      	9.396358e-01      	5.869074e-03      	2.440806e-04      	6.739406e-03      
1.362236e-02      	9.412048e-01      	5.791743e-03      	2.471094e-04      	6.739406e-03      
1.378748e-02      	9.286831e-01      	5.613199e-03      	2.502155e-04      	6.739406e-03      
1.395665e-02      	9.282406e-01      	5.510217e-03      	2.534018e-04      	6.739406e-03      
1.413002e-02      	9.262438e-01      	5.384668e-03      	2.566717e-04      	6.739406e-03      
1.430776e-02      	9.107992e-01      	5.244953e-03      	2.600284e-04      	6.739406e-03      
1.449002e-02      	9.034470e-01      	5.079938e-03      	2.634756e-04      	6.739406e-03      
1.467699e-02      	9.041427e-01      	4.909342e-03      	2.670170e-04      	6.739406e-03      
1.486885e-02      	9.039315e-01      	4.760426e-03      	2.706566e-04      	6.739406e-03      
1.506578e-02      	9.027004e-01      	4.685862e-03      	2.743984e-04      	6.739406e-03      
1.526801e-02      	8.860975e-01      	4.585242e-03      	2.782473e-04      	6.739406e-03      
1.547574e-02      	8.636930e-01      	4.431616e-03      	2.822076e-04      	6.739406e-03      
1.568920e-02      	8.412270e-01      	4.289141e-03      	2.862844e-04      	6.739406e-03      
1.590862e-02      	7.943395e-01      	4.124809e-03      	2.904828e-04      	6.739406e-03      
1.613428e-02      	7.049330e-01      	3.903599e-03      	2.948089e-04      	6.739406e-03      
1.636643e-02      	6.104366e-01      	3.544788e-03      	2.992683e-04      	6.739406e-03      
1.660535e-02      	5.372961e-01      	3.154971e-03      	3.038675e-04      	6.739406e-03      
1.685136e-02      	4.557191e-01      	2.795130e-03      	3.086133e-04      	6.739406e-03      
1.710476e-02      	3.692522e-01      	2.450540e-03      	3.135127e-04      	6.739406e-03      
1.736590e-02      	2.982894e-01      	2.128407e-03      	3.185738e-04      	6.739406e-03      
1.763514e-02      	2.347501e-01      	1.879320e-03      	3.238044e-04      	6.739406e-03      
1.791286e-02      	1.718554e-01      	1.626987e-03      	3.292139e-04      	6.739406e-03      
1.819947e-02      	1.241221e-01      	1.375015e-03      	3.348110e-04      	6.739406e-03      
1.849540e-02      	9.572640e-02      	1.175119e-03      	3.406068e-04      	6.739406e-03      
1.880110e-02      	7.657195e-02      	1.039154e-03      	3.466110e-04      	6.739406e-03      
1.911709e-02      	6.779333e-02      	9.868483e-04      	3.528364e-04      	6.739406e-03      
1.944388e-02      	6.396603e-02      	9.511100e-04      	3.592951e-04      	6.739406e-03      
1.978203e-02      	6.116358e-02      	9.170009e-04      	3.660007e-04      	6.739406e-03      
2.013215e-02      	5.901324e-02      	9.017922e-04      	3.729680e-04      	6.739406e-03      
2.049489e-02      	5.893380e-02      	9.081188e-04      	3.802126e-04      	6.739406e-03      
2.087095e-02      	5.680982e-02      	9.408155e-04      	3.877525e-04      	6.739406e-03      
2.126106e-02      	5.591778e-02      	1.007146e-03      	3.956053e-04      	6.739406e-03      
2.146049e-02      	5.593697e-02      	8.026663e-04      	3.450858e-04      	7.947013e-03     
2.180944e-02      	5.512980e-02      	6.278934e-04      	3.511712e-04      	7.947013e-03      
2.216993e-02      	5.598872e-02      	5.841409e-04      	3.574806e-04      	7.947013e-03      
2.254253e-02      	5.400208e-02      	5.640278e-04      	3.640279e-04      	7.947013e-03      
2.292787e-02      	5.178842e-02      	5.397707e-04      	3.708263e-04      	7.947013e-03      
2.332662e-02      	4.999100e-02      	5.198602e-04      	3.778910e-04      	7.947013e-03      
2.373948e-02      	4.768180e-02      	5.040366e-04      	3.852383e-04      	7.947013e-03      
2.416722e-02      	4.653378e-02      	5.014437e-04      	3.928854e-04      	7.947013e-03      
2.461065e-02      	4.264573e-02      	5.048125e-04      	4.008525e-04      	7.947013e-03      
2.507067e-02      	4.032333e-02      	4.818092e-04      	4.091586e-04      	7.947013e-03      
2.554820e-02      	3.865741e-02      	4.563449e-04      	4.178277e-04      	7.947013e-03      
2.604428e-02      	3.580152e-02      	4.241706e-04      	4.268838e-04      	7.947013e-03      
2.656001e-02      	3.271284e-02      	3.976585e-04      	4.363540e-04      	7.947013e-03      
2.709658e-02      	2.955821e-02      	3.739207e-04      	4.462677e-04      	7.947013e-03      
2.765527e-02      	2.692211e-02      	3.551465e-04      	4.566569e-04      	7.947013e-03      
2.823749e-02      	2.335743e-02      	3.263731e-04      	4.675580e-04      	7.947013e-03      
2.884475e-02      	2.024527e-02      	3.022736e-04      	4.790094e-04      	7.947013e-03      
2.947870e-02      	1.788162e-02      	2.801937e-04      	4.910550e-04      	7.947013e-03      
3.014114e-02      	1.520067e-02      	2.538251e-04      	5.037421e-04      	7.947013e-03      
3.083404e-02      	1.244686e-02      	2.259395e-04      	5.171247e-04      	7.947013e-03      
3.155954e-02      	1.057892e-02      	2.063689e-04      	5.312618e-04      	7.947013e-03      
3.232002e-02      	8.388962e-03      	1.859900e-04      	5.462190e-04      	7.947013e-03      
3.311804e-02      	6.601579e-03      	1.665862e-04      	5.620710e-04      	7.947013e-03      
3.364551e-02      	5.628522e-03      	1.650079e-04      	6.610691e-04      	1.245943e-02      
3.395647e-02      	4.920570e-03      	1.404400e-04      	5.789004e-04      	7.947013e-03      
3.419259e-02      	4.440650e-03      	1.154157e-04      	6.724270e-04      	1.245943e-02      
3.475776e-02      	3.572162e-03      	9.547198e-05      	6.841897e-04      	1.245943e-02      
3.483846e-02      	3.474746e-03      	1.208899e-04      	5.968020e-04      	7.947013e-03      
3.534192e-02      	2.915457e-03      	8.482373e-05      	6.963813e-04      	1.245943e-02      
3.576748e-02      	2.417063e-03      	1.018384e-04      	6.158802e-04      	7.947013e-03      
3.594606e-02      	2.186984e-03      	7.184178e-05      	7.090252e-04      	1.245943e-02      
3.657120e-02      	1.725244e-03      	6.254373e-05      	7.221476e-04      	1.245943e-02      
3.721849e-02      	1.309973e-03      	5.416581e-05      	7.357768e-04      	1.245943e-02      
3.788908e-02      	1.118888e-03      	5.045465e-05      	7.499427e-04      	1.245943e-02      
3.858430e-02      	9.789792e-04      	4.974708e-05      	7.646797e-04      	1.245943e-02      
3.930550e-02      	9.562745e-04      	4.831227e-05      	7.800214e-04      	1.245943e-02      
4.005418e-02      	9.255888e-04      	4.599578e-05      	7.960083e-04      	1.245943e-02      
4.083193e-02      	1.047791e-03      	4.723884e-05      	8.126818e-04      	1.245943e-02      
4.164048e-02      	1.146330e-03      	4.856480e-05      	8.300881e-04      	1.245943e-02      
4.248171e-02      	1.272125e-03      	5.063563e-05      	8.482774e-04      	1.245943e-02      
4.335761e-02      	1.481980e-03      	5.444794e-05      	8.673043e-04      	1.245943e-02      
4.427041e-02      	1.521352e-03      	5.451850e-05      	8.872299e-04      	1.245943e-02      
4.522246e-02      	1.498869e-03      	5.386259e-05      	9.081198e-04      	1.245943e-02      
4.621636e-02      	1.596619e-03      	5.491130e-05      	9.300474e-04      	1.245943e-02      
4.725492e-02      	1.592285e-03      	5.390153e-05      	9.530924e-04      	1.245943e-02      
4.834124e-02      	1.508673e-03      	5.165128e-05      	9.773455e-04      	1.245943e-02      
4.947869e-02      	1.536933e-03      	5.168113e-05      	1.002905e-03      	1.245943e-02      
5.067094e-02      	1.236765e-03      	4.699748e-05      	1.029880e-03      	1.245943e-02      
5.192208e-02      	1.109013e-03      	4.494224e-05      	1.058394e-03      	1.245943e-02      
5.323656e-02      	8.827004e-04      	3.915807e-05      	1.088585e-03      	1.245943e-02      
5.461933e-02      	6.197416e-04      	3.368817e-05      	1.120607e-03      	1.245943e-02      
5.607585e-02      	4.431715e-04      	2.881977e-05      	1.154635e-03      	1.245943e-02      
5.761218e-02      	3.205712e-04      	2.433901e-05      	1.190866e-03      	1.245943e-02      
5.923505e-02      	1.683344e-04      	1.746330e-05      	1.229520e-03      	1.245943e-02      
6.095201e-02      	1.154901e-04      	1.546019e-05      	1.270855e-03      	1.245943e-02      
6.277147e-02      	1.194604e-04      	1.631729e-05      	1.315162e-03      	1.245943e-02      
6.470289e-02      	1.101099e-04      	1.657343e-05      	1.362773e-03      	1.245943e-02      
6.580551e-02      	1.332121e-04      	1.204080e-05      	1.317466e-03      	2.437053e-02      
6.675696e-02      	1.482653e-04      	2.025229e-05      	1.414078e-03      	1.245943e-02      
6.687552e-02      	1.516045e-04      	1.007189e-05      	1.340057e-03      	2.437053e-02      
6.798090e-02      	1.848763e-04      	1.026651e-05      	1.363451e-03      	2.437053e-02      
6.894571e-02      	1.921364e-04      	2.469304e-05      	1.469523e-03      	1.245943e-02      
6.912343e-02      	1.893646e-04      	1.023038e-05      	1.387695e-03      	2.437053e-02      
7.030503e-02      	1.952602e-04      	1.013552e-05      	1.412837e-03      	2.437053e-02      
7.152773e-02      	2.164774e-04      	1.046978e-05      	1.438928e-03      	2.437053e-02      
7.279371e-02      	1.934772e-04      	9.853288e-06      	1.466023e-03      	2.437053e-02      
7.410529e-02      	1.878586e-04      	9.772307e-06      	1.494183e-03      	2.437053e-02      
7.546503e-02      	1.751988e-04      	9.962931e-06      	1.523474e-03      	2.437053e-02      
7.687560e-02      	1.207648e-04      	8.143101e-06      	1.553964e-03      	2.437053e-02      
7.833989e-02      	1.048617e-04      	7.342718e-06      	1.585731e-03      	2.437053e-02      
7.986106e-02      	6.521784e-05      	5.653791e-06      	1.618859e-03      	2.437053e-02      
8.144246e-02      	4.052817e-05      	4.413605e-06      	1.653439e-03      	2.437053e-02      
8.308776e-02      	2.219481e-05      	3.330652e-06      	1.689568e-03      	2.437053e-02      
8.480091e-02      	1.227699e-05      	2.582025e-06      	1.727356e-03      	2.437053e-02      
8.658620e-02      	1.634364e-05      	2.862261e-06      	1.766923e-03      	2.437053e-02      
8.844826e-02      	3.140026e-05      	3.819626e-06      	1.808397e-03      	2.437053e-02      
9.039218e-02      	4.277057e-05      	4.361003e-06      	1.851924e-03      	2.437053e-02      
9.242346e-02      	6.225280e-05      	5.117341e-06      	1.897662e-03      	2.437053e-02      
9.454814e-02      	7.772076e-05      	5.620826e-06      	1.945788e-03      	2.437053e-02      
9.677280e-02      	7.550696e-05      	5.463691e-06      	1.996496e-03      	2.437053e-02      
9.910468e-02      	8.184151e-05      	5.777863e-06      	2.050001e-03      	2.437053e-02      
1.015517e-01      	6.007070e-05      	5.005153e-06      	2.106548e-03      	2.437053e-02      
1.041226e-01      	4.074690e-05      	4.066518e-06      	2.166405e-03      	2.437053e-02      
1.068271e-01      	1.480874e-05      	2.609962e-06      	2.229880e-03      	2.437053e-02      
1.096759e-01      	9.955910e-06      	2.293952e-06      	2.297311e-03      	2.437053e-02      
1.126807e-01      	4.615095e-06      	1.763956e-06      	2.369090e-03      	2.437053e-02      
1.158548e-01      	1.004279e-05      	2.196458e-06      	2.445649e-03      	2.437053e-02      
1.192129e-01      	1.222695e-05      	2.506837e-06      	2.527495e-03      	2.437053e-02      
1.227715e-01      	1.849450e-05      	3.143216e-06      	2.615197e-03      	2.437053e-02      
1.265490e-01      	1.378968e-05      	2.959489e-06      	2.709410e-03      	2.437053e-02      
1.305665e-01      	1.026068e-05      	2.664114e-06      	2.810899e-03      	2.437053e-02      
1.348473e-01      	7.779386e-06      	2.591776e-06      	2.920537e-03      	2.437053e-02      
1.394185e-01      	9.634146e-06      	3.350253e-06      	3.039353e-03      	2.437053e-02      
1.443103e-01      	6.391006e-06      	2.837097e-06      	3.168548e-03      	2.437053e-02      
1.495580e-01      	1.417738e-05      	8.470520e-06      	3.309541e-03      	2.437053e-02      
