# Datafile created by QuickNXS 0.9.39
# Date: 2014-04-14 10:07:48
# Type: Specular
# Input file indices: 16232+16233+16234+16235
# Extracted states: +
# 
# [Direct Beam Runs]
# DB_ID  P0  PN  x_pos   x_width  y_pos   y_width  bg_pos  bg_width  dpix  tth           number  File                                            
# 1      0   0   157.7   6        132.5   59       84.8    125       158   2.86102e-06   16213   /SNS/REF_M/IPTS-10790/data/REF_M_16213_histo.nxs
# 2      0   0   157.6   6        132.5   59       84.8    125       158   2.86102e-06   16214   /SNS/REF_M/IPTS-10790/data/REF_M_16214_histo.nxs
# 
# [Data Runs]
# scale     P0    PN   x_pos   x_width  y_pos  y_width  bg_pos  bg_width  extract_fan  dpix  tth        number  DB_ID  File                                            
# 3.84592   86    36   159.5   6        134    64       84.8    125       False        158   0.695226   16232   1      /SNS/REF_M/IPTS-10790/data/REF_M_16232_histo.nxs
# 3.85478   113   5    159.6   6        134    64       84.8    125       False        158   0.695226   16233   2      /SNS/REF_M/IPTS-10790/data/REF_M_16233_histo.nxs
# 2.77332   114   5    161.3   7        134    64       84.8    125       False        158   1.37317    16234   2      /SNS/REF_M/IPTS-10790/data/REF_M_16234_histo.nxs
# 1.55597   114   4    161.9   7        134    64       84.8    125       False        158   2.72487    16235   2      /SNS/REF_M/IPTS-10790/data/REF_M_16235_histo.nxs
# 
# [Global Options]
# name           value
# sample_length  18   
# 
# [Data]
# Qz [Å⁻¹]            	R [a.u.]            	dR [a.u.]           	dQz [Å⁻¹]           	αi [rad]            
1.105293e-02      	9.756526e-01      	7.428854e-03      	2.256119e-04      	5.861147e-03      
1.117782e-02      	9.854875e-01      	6.798274e-03      	2.282259e-04      	5.861147e-03      
1.130557e-02      	9.785328e-01      	6.341892e-03      	2.309021e-04      	5.861147e-03      
1.143627e-02      	9.795349e-01      	5.997603e-03      	2.336421e-04      	5.861147e-03      
1.157003e-02      	9.835671e-01      	5.792439e-03      	2.364492e-04      	5.861147e-03      
1.170695e-02      	9.714737e-01      	5.586201e-03      	2.393250e-04      	5.861147e-03      
1.184715e-02      	9.869304e-01      	5.558141e-03      	2.422726e-04      	5.861147e-03      
1.199075e-02      	9.723740e-01      	5.381280e-03      	2.452947e-04      	5.861147e-03      
1.213788e-02      	9.851782e-01      	5.324400e-03      	2.483941e-04      	5.861147e-03      
1.228866e-02      	9.870379e-01      	5.215049e-03      	2.515739e-04      	5.861147e-03      
1.244324e-02      	9.752594e-01      	5.092795e-03      	2.548373e-04      	5.861147e-03      
1.260175e-02      	9.694382e-01      	4.938025e-03      	2.581876e-04      	5.861147e-03      
1.276435e-02      	9.825984e-01      	4.807630e-03      	2.616284e-04      	5.861147e-03      
1.293121e-02      	9.703230e-01      	4.628597e-03      	2.651636e-04      	5.861147e-03      
1.310248e-02      	9.724637e-01      	4.565306e-03      	2.687969e-04      	5.861147e-03      
1.327835e-02      	9.682704e-01      	4.503149e-03      	2.725328e-04      	5.861147e-03      
1.345901e-02      	9.652569e-01      	4.407662e-03      	2.763756e-04      	5.861147e-03      
1.364465e-02      	9.690767e-01      	4.339579e-03      	2.803300e-04      	5.861147e-03      
1.383549e-02      	9.685010e-01      	4.308141e-03      	2.844009e-04      	5.861147e-03      
1.403173e-02      	9.521650e-01      	4.314153e-03      	2.885940e-04      	5.861147e-03      
1.423363e-02      	9.445108e-01      	4.220336e-03      	2.929145e-04      	5.861147e-03      
1.444142e-02      	9.547962e-01      	4.051569e-03      	2.973686e-04      	5.861147e-03      
1.465537e-02      	9.496249e-01      	3.909826e-03      	3.019627e-04      	5.861147e-03      
1.487575e-02      	9.341709e-01      	3.797732e-03      	3.067035e-04      	5.861147e-03      
1.510286e-02      	9.444743e-01      	3.714101e-03      	3.115982e-04      	5.861147e-03      
1.533701e-02      	9.271216e-01      	3.676185e-03      	3.166547e-04      	5.861147e-03      
1.557854e-02      	8.935959e-01      	3.660041e-03      	3.218814e-04      	5.861147e-03      
1.579074e-02      	8.999833e-01      	4.486502e-03      	3.271761e-04      	5.847424e-03      
1.582780e-02      	8.943218e-01      	3.655415e-03      	3.272865e-04      	5.861147e-03      
1.604750e-02      	8.817966e-01      	3.488378e-03      	3.327670e-04      	5.847424e-03      
1.608516e-02      	8.659201e-01      	3.500443e-03      	3.328804e-04      	5.861147e-03      
1.631275e-02      	8.242266e-01      	3.078577e-03      	3.385558e-04      	5.847424e-03      
1.658691e-02      	6.332215e-01      	2.554779e-03      	3.445541e-04      	5.847424e-03      
1.687045e-02      	3.874587e-01      	1.851373e-03      	3.507733e-04      	5.847424e-03      
1.716384e-02      	1.802046e-01      	1.177256e-03      	3.572262e-04      	5.847424e-03      
1.746763e-02      	5.828192e-02      	6.440037e-04      	3.639263e-04      	5.847424e-03      
1.778236e-02      	2.212403e-02      	3.957836e-04      	3.708882e-04      	5.847424e-03      
1.810864e-02      	1.752688e-02      	3.705200e-04      	3.781285e-04      	5.847424e-03      
1.844713e-02      	2.122572e-02      	4.009631e-04      	3.856634e-04      	5.847424e-03      
1.879850e-02      	2.565203e-02      	4.271528e-04      	3.935126e-04      	5.847424e-03      
1.916352e-02      	3.109033e-02      	4.553399e-04      	4.016959e-04      	5.847424e-03      
1.954299e-02      	3.644563e-02      	4.847888e-04      	4.102357e-04      	5.847424e-03      
1.993780e-02      	4.123244e-02      	5.114497e-04      	4.191562e-04      	5.847424e-03      
2.034889e-02      	4.524867e-02      	5.342225e-04      	4.284836e-04      	5.847424e-03      
2.077729e-02      	4.814210e-02      	5.448239e-04      	4.382474e-04      	5.847424e-03      
2.122411e-02      	4.956877e-02      	5.508141e-04      	4.484791e-04      	5.847424e-03      
2.169057e-02      	5.039637e-02      	5.483003e-04      	4.592141e-04      	5.847424e-03      
2.217800e-02      	5.281841e-02      	5.525518e-04      	4.704906e-04      	5.847424e-03      
2.268784e-02      	5.240611e-02      	5.419169e-04      	4.823520e-04      	5.847424e-03      
2.322167e-02      	5.216940e-02      	5.357359e-04      	4.948454e-04      	5.847424e-03      
2.378123e-02      	5.042719e-02      	5.331121e-04      	5.080233e-04      	5.847424e-03      
2.436842e-02      	4.608338e-02      	5.144718e-04      	5.219450e-04      	5.847424e-03      
2.498535e-02      	4.467014e-02      	4.946559e-04      	5.366757e-04      	5.847424e-03      
2.563432e-02      	4.072399e-02      	4.834156e-04      	5.522902e-04      	5.847424e-03      
2.631790e-02      	3.735896e-02      	4.670744e-04      	5.688705e-04      	5.847424e-03      
2.703894e-02      	3.359239e-02      	4.370030e-04      	5.865115e-04      	5.847424e-03      
2.780060e-02      	3.028358e-02      	4.110028e-04      	6.053183e-04      	5.847424e-03      
2.860641e-02      	2.570615e-02      	4.011733e-04      	6.254133e-04      	5.847424e-03      
2.946033e-02      	2.190941e-02      	3.849951e-04      	6.469343e-04      	5.847424e-03      
3.036680e-02      	1.723325e-02      	3.587158e-04      	6.700400e-04      	5.847424e-03      
3.133083e-02      	1.322258e-02      	3.324061e-04      	6.949151e-04      	5.847424e-03      
3.164303e-02      	1.218856e-02      	1.301727e-04      	6.653036e-04      	1.153035e-02      
3.216606e-02      	1.114136e-02      	1.146472e-04      	6.768615e-04      	1.153035e-02      
3.235807e-02      	1.077206e-02      	3.229704e-04      	7.217706e-04      	5.847424e-03      
3.270666e-02      	9.383945e-03      	1.031767e-04      	6.888369e-04      	1.153035e-02      
3.326575e-02      	7.525711e-03      	9.004816e-05      	7.012526e-04      	1.153035e-02      
3.384428e-02      	6.221096e-03      	8.011770e-05      	7.141338e-04      	1.153035e-02      
3.444330e-02      	5.230307e-03      	7.285254e-05      	7.275076e-04      	1.153035e-02      
3.506389e-02      	3.948517e-03      	6.362326e-05      	7.414029e-04      	1.153035e-02      
3.570727e-02      	3.136110e-03      	5.962108e-05      	7.558528e-04      	1.153035e-02      
3.637470e-02      	2.355248e-03      	5.068236e-05      	7.708896e-04      	1.153035e-02      
3.706755e-02      	1.769479e-03      	4.248965e-05      	7.865518e-04      	1.153035e-02      
3.778731e-02      	1.228765e-03      	3.420576e-05      	8.028796e-04      	1.153035e-02      
3.853557e-02      	9.592514e-04      	2.968610e-05      	8.199171e-04      	1.153035e-02      
3.931407e-02      	6.789212e-04      	2.473511e-05      	8.377123e-04      	1.153035e-02      
4.012467e-02      	5.763234e-04      	2.271909e-05      	8.563174e-04      	1.153035e-02      
4.096940e-02      	4.779788e-04      	2.044701e-05      	8.757910e-04      	1.153035e-02      
4.185046e-02      	5.424394e-04      	2.170754e-05      	8.961954e-04      	1.153035e-02      
4.277025e-02      	5.598330e-04      	2.173542e-05      	9.176009e-04      	1.153035e-02      
4.373138e-02      	6.737489e-04      	2.342649e-05      	9.400835e-04      	1.153035e-02      
4.473669e-02      	7.097305e-04      	2.369647e-05      	9.637292e-04      	1.153035e-02      
4.578932e-02      	8.290050e-04      	2.538833e-05      	9.886315e-04      	1.153035e-02      
4.689268e-02      	8.838152e-04      	2.656425e-05      	1.014894e-03      	1.153035e-02      
4.805053e-02      	8.745341e-04      	2.667853e-05      	1.042635e-03      	1.153035e-02      
4.926699e-02      	8.845363e-04      	2.619993e-05      	1.071984e-03      	1.153035e-02      
5.054666e-02      	7.952255e-04      	2.546998e-05      	1.103088e-03      	1.153035e-02      
5.189457e-02      	7.140875e-04      	2.436226e-05      	1.136110e-03      	1.153035e-02      
5.331634e-02      	5.319839e-04      	2.081312e-05      	1.171238e-03      	1.153035e-02      
5.481821e-02      	4.317998e-04      	1.856306e-05      	1.208680e-03      	1.153035e-02      
5.640714e-02      	3.136159e-04      	1.680886e-05      	1.248680e-03      	1.153035e-02      
5.809093e-02      	1.936008e-04      	1.379547e-05      	1.291508e-03      	1.153035e-02      
5.987834e-02      	1.597819e-04      	1.313953e-05      	1.337480e-03      	1.153035e-02      
6.177925e-02      	1.476476e-04      	1.342225e-05      	1.386959e-03      	1.153035e-02      
6.378412e-02      	1.155511e-04      	4.889890e-06      	1.330656e-03      	2.324376e-02      
6.380480e-02      	1.825626e-04      	1.605905e-05      	1.440366e-03      	1.153035e-02      
6.483840e-02      	1.382719e-04      	4.937018e-06      	1.353790e-03      	2.324376e-02      
6.592811e-02      	1.759781e-04      	5.471423e-06      	1.377761e-03      	2.324376e-02      
6.705509e-02      	2.038243e-04      	5.754559e-06      	1.402614e-03      	2.324376e-02      
6.822126e-02      	2.205282e-04      	5.872631e-06      	1.428400e-03      	2.324376e-02      
6.942872e-02      	2.329812e-04      	5.996705e-06      	1.455173e-03      	2.324376e-02      
7.067968e-02      	2.473480e-04      	6.221914e-06      	1.482991e-03      	2.324376e-02      
7.197656e-02      	2.283597e-04      	6.297828e-06      	1.511921e-03      	2.324376e-02      
7.332192e-02      	2.372982e-04      	6.306219e-06      	1.542027e-03      	2.324376e-02      
7.471853e-02      	2.135723e-04      	5.791638e-06      	1.573386e-03      	2.324376e-02      
7.616937e-02      	1.715420e-04      	5.019493e-06      	1.606080e-03      	2.324376e-02      
7.767768e-02      	1.440437e-04      	4.515928e-06      	1.640197e-03      	2.324376e-02      
7.924693e-02      	1.092041e-04      	3.904735e-06      	1.675833e-03      	2.324376e-02      
8.088088e-02      	7.134294e-05      	3.153450e-06      	1.713093e-03      	2.324376e-02      
8.258364e-02      	4.297491e-05      	2.437862e-06      	1.752095e-03      	2.324376e-02      
8.435963e-02      	2.555218e-05      	1.907459e-06      	1.792964e-03      	2.324376e-02      
8.621369e-02      	1.804592e-05      	1.597193e-06      	1.835840e-03      	2.324376e-02      
8.815107e-02      	1.918244e-05      	1.623503e-06      	1.880877e-03      	2.324376e-02      
9.017753e-02      	2.530064e-05      	1.807938e-06      	1.928248e-03      	2.324376e-02      
9.229935e-02      	3.893232e-05      	2.195282e-06      	1.978139e-03      	2.324376e-02      
9.452344e-02      	5.281745e-05      	2.592511e-06      	2.030761e-03      	2.324376e-02      
9.685735e-02      	5.391888e-05      	2.624427e-06      	2.086349e-03      	2.324376e-02      
9.930943e-02      	5.030764e-05      	2.475725e-06      	2.145163e-03      	2.324376e-02      
1.018889e-01      	3.964887e-05      	2.270143e-06      	2.207501e-03      	2.324376e-02      
1.046059e-01      	2.721378e-05      	1.910777e-06      	2.273690e-03      	2.324376e-02      
1.074719e-01      	1.324812e-05      	1.386302e-06      	2.344108e-03      	2.324376e-02      
1.104992e-01      	4.967659e-06      	8.946978e-07      	2.419173e-03      	2.324376e-02      
1.137021e-01      	2.731918e-06      	7.524022e-07      	2.499373e-03      	2.324376e-02      
1.170962e-01      	6.674972e-06      	1.108577e-06      	2.585256e-03      	2.324376e-02      
1.206992e-01      	6.800715e-06      	1.158030e-06      	2.677453e-03      	2.324376e-02      
1.245309e-01      	5.493975e-06      	1.134028e-06      	2.776700e-03      	2.324376e-02      
1.286139e-01      	5.037965e-06      	1.189245e-06      	2.883838e-03      	2.324376e-02      
1.329737e-01      	3.758300e-06      	1.231682e-06      	2.999853e-03      	2.324376e-02      
