# Datafile created by QuickNXS 0.9.39
# Date: 2014-04-14 10:15:47
# Type: Specular
# Input file indices: 16236+16237+16238+16239
# Extracted states: +
# 
# [Direct Beam Runs]
# DB_ID  P0  PN  x_pos   x_width  y_pos   y_width  bg_pos  bg_width  dpix  tth           number  File                                            
# 1      0   0   157.7   6        132.5   59       84.8    125       158   2.86102e-06   16213   /SNS/REF_M/IPTS-10790/data/REF_M_16213_histo.nxs
# 2      0   0   157.6   6        132.5   59       84.8    125       158   2.86102e-06   16214   /SNS/REF_M/IPTS-10790/data/REF_M_16214_histo.nxs
# 
# [Data Runs]
# scale     P0    PN   x_pos   x_width  y_pos  y_width  bg_pos  bg_width  extract_fan  dpix  tth        number  DB_ID  File                                            
# 3.8815    86    34   159     6        134    64       84.8    125       False        158   0.695226   16236   1      /SNS/REF_M/IPTS-10790/data/REF_M_16236_histo.nxs
# 3.77572   115   4    159.1   6        134    64       84.8    125       False        158   0.695226   16237   2      /SNS/REF_M/IPTS-10790/data/REF_M_16237_histo.nxs
# 2.76694   115   2    160.3   7        134    64       84.8    125       False        158   1.37271    16238   2      /SNS/REF_M/IPTS-10790/data/REF_M_16238_histo.nxs
# 1.96789   116   2    161.3   8        134    64       84.8    125       False        158   2.72533    16239   2      /SNS/REF_M/IPTS-10790/data/REF_M_16239_histo.nxs
# 
# [Global Options]
# name           value
# sample_length  18   
# 
# [Data]
# Qz [Å⁻¹]            	R [a.u.]            	dR [a.u.]           	dQz [Å⁻¹]           	αi [rad]            
1.118232e-02      	9.786265e-01      	8.727892e-03      	2.262023e-04      	5.929761e-03      
1.130867e-02      	9.872941e-01      	7.980007e-03      	2.288244e-04      	5.929761e-03      
1.143792e-02      	9.738185e-01      	7.417744e-03      	2.315087e-04      	5.929761e-03      
1.157015e-02      	9.906916e-01      	7.078505e-03      	2.342573e-04      	5.929761e-03      
1.170547e-02      	9.908070e-01      	6.820654e-03      	2.370731e-04      	5.929761e-03      
1.184400e-02      	9.681098e-01      	6.540067e-03      	2.399579e-04      	5.929761e-03      
1.198584e-02      	9.920494e-01      	6.536326e-03      	2.429148e-04      	5.929761e-03      
1.213112e-02      	9.759342e-01      	6.325022e-03      	2.459465e-04      	5.929761e-03      
1.227997e-02      	9.821737e-01      	6.232797e-03      	2.490558e-04      	5.929761e-03      
1.243252e-02      	9.784323e-01      	6.085259e-03      	2.522458e-04      	5.929761e-03      
1.258890e-02      	9.732252e-01      	5.966256e-03      	2.555196e-04      	5.929761e-03      
1.274927e-02      	9.616293e-01      	5.766461e-03      	2.588808e-04      	5.929761e-03      
1.291378e-02      	9.693041e-01      	5.595127e-03      	2.623329e-04      	5.929761e-03      
1.308258e-02      	9.786139e-01      	5.455333e-03      	2.658796e-04      	5.929761e-03      
1.325586e-02      	9.821191e-01      	5.384626e-03      	2.695249e-04      	5.929761e-03      
1.343379e-02      	9.599224e-01      	5.257155e-03      	2.732732e-04      	5.929761e-03      
1.361657e-02      	9.694944e-01      	5.183586e-03      	2.771289e-04      	5.929761e-03      
1.380438e-02      	9.628542e-01      	5.072203e-03      	2.810966e-04      	5.929761e-03      
1.399745e-02      	9.571782e-01      	5.020780e-03      	2.851814e-04      	5.929761e-03      
1.419600e-02      	9.481732e-01      	5.050864e-03      	2.893888e-04      	5.929761e-03      
1.440025e-02      	9.234401e-01      	4.891668e-03      	2.937243e-04      	5.929761e-03      
1.461048e-02      	9.472696e-01      	4.733382e-03      	2.981939e-04      	5.929761e-03      
1.482693e-02      	9.366107e-01      	4.553358e-03      	3.028041e-04      	5.929761e-03      
1.504989e-02      	9.244652e-01      	4.432799e-03      	3.075617e-04      	5.929761e-03      
1.527966e-02      	9.335617e-01      	4.331205e-03      	3.124739e-04      	5.929761e-03      
1.551655e-02      	9.053820e-01      	4.260016e-03      	3.175486e-04      	5.929761e-03      
1.576091e-02      	8.735424e-01      	4.247186e-03      	3.227943e-04      	5.929761e-03      
1.601308e-02      	8.591048e-01      	4.200952e-03      	3.282193e-04      	5.929761e-03      
1.627346e-02      	8.190521e-01      	3.991609e-03      	3.338340e-04      	5.929761e-03      
1.650416e-02      	7.125651e-01      	2.707535e-03      	3.393801e-04      	5.916038e-03      
1.654244e-02      	6.779470e-01      	3.565077e-03      	3.396476e-04      	5.929761e-03      
1.678154e-02      	4.927315e-01      	2.107137e-03      	3.453988e-04      	5.916038e-03      
1.682047e-02      	4.600096e-01      	2.925373e-03      	3.456720e-04      	5.929761e-03      
1.706840e-02      	2.579544e-01      	1.404901e-03      	3.516394e-04      	5.916038e-03      
1.736525e-02      	1.059810e-01      	8.464631e-04      	3.581148e-04      	5.916038e-03      
1.767259e-02      	4.570722e-02      	5.424764e-04      	3.648385e-04      	5.916038e-03      
1.799102e-02      	2.988186e-02      	4.397953e-04      	3.718254e-04      	5.916038e-03      
1.832113e-02      	2.701170e-02      	4.399146e-04      	3.790920e-04      	5.916038e-03      
1.866358e-02      	2.899955e-02      	4.480641e-04      	3.866548e-04      	5.916038e-03      
1.901908e-02      	3.279757e-02      	4.617923e-04      	3.945333e-04      	5.916038e-03      
1.938838e-02      	3.596569e-02      	4.680124e-04      	4.027479e-04      	5.916038e-03      
1.977231e-02      	3.955552e-02      	4.824095e-04      	4.113207e-04      	5.916038e-03      
2.017175e-02      	4.287114e-02      	4.979457e-04      	4.202763e-04      	5.916038e-03      
2.058766e-02      	4.443949e-02      	5.051939e-04      	4.296411e-04      	5.916038e-03      
2.102109e-02      	4.649703e-02      	5.108868e-04      	4.394449e-04      	5.916038e-03      
2.147315e-02      	4.671410e-02      	5.100225e-04      	4.497191e-04      	5.916038e-03      
2.194509e-02      	4.740745e-02      	5.072226e-04      	4.604995e-04      	5.916038e-03      
2.243824e-02      	4.718031e-02      	4.977192e-04      	4.718248e-04      	5.916038e-03      
2.295406e-02      	4.663857e-02      	4.871823e-04      	4.837384e-04      	5.916038e-03      
2.349415e-02      	4.578349e-02      	4.782236e-04      	4.962882e-04      	5.916038e-03      
2.406028e-02      	4.227276e-02      	4.648324e-04      	5.095266e-04      	5.916038e-03      
2.465436e-02      	4.054248e-02      	4.598455e-04      	5.235138e-04      	5.916038e-03      
2.527852e-02      	3.823330e-02      	4.359191e-04      	5.383154e-04      	5.916038e-03      
2.593511e-02      	3.468242e-02      	4.250368e-04      	5.540067e-04      	5.916038e-03      
2.662671e-02      	3.153320e-02      	4.087949e-04      	5.706705e-04      	5.916038e-03      
2.735621e-02      	2.720829e-02      	3.745345e-04      	5.884027e-04      	5.916038e-03      
2.812681e-02      	2.422694e-02      	3.501248e-04      	6.073090e-04      	5.916038e-03      
2.894207e-02      	2.046402e-02      	3.408850e-04      	6.275133e-04      	5.916038e-03      
2.980602e-02      	1.724084e-02      	3.253012e-04      	6.491545e-04      	5.916038e-03      
3.072312e-02      	1.359124e-02      	3.034955e-04      	6.723928e-04      	5.916038e-03      
3.169846e-02      	9.841056e-03      	2.732450e-04      	6.974144e-04      	5.916038e-03      
3.253750e-02      	7.715224e-03      	8.363873e-05      	6.778064e-04      	1.166350e-02      
3.273775e-02      	7.247644e-03      	2.524413e-04      	7.244329e-04      	5.916038e-03      
3.308434e-02      	6.648111e-03      	7.619469e-05      	6.898109e-04      	1.166350e-02      
3.364989e-02      	5.096702e-03      	6.499671e-05      	7.022571e-04      	1.166350e-02      
3.384751e-02      	4.538520e-03      	2.360509e-04      	7.536988e-04      	5.916038e-03      
3.423510e-02      	4.125050e-03      	5.722236e-05      	7.151707e-04      	1.166350e-02      
3.484103e-02      	3.189896e-03      	4.989441e-05      	7.285788e-04      	1.166350e-02      
3.546880e-02      	2.325953e-03      	4.283764e-05      	7.425105e-04      	1.166350e-02      
3.611960e-02      	1.664761e-03      	3.810680e-05      	7.569991e-04      	1.166350e-02      
3.679474e-02      	1.148174e-03      	3.108148e-05      	7.720770e-04      	1.166350e-02      
3.749559e-02      	6.531335e-04      	2.267804e-05      	7.877831e-04      	1.166350e-02      
3.822366e-02      	4.286949e-04      	1.778452e-05      	8.041575e-04      	1.166350e-02      
3.898057e-02      	2.535175e-04      	1.346476e-05      	8.212448e-04      	1.166350e-02      
3.976805e-02      	1.745273e-04      	1.108983e-05      	8.390934e-04      	1.166350e-02      
4.058801e-02      	1.365382e-04      	9.808801e-06      	8.577557e-04      	1.166350e-02      
4.144249e-02      	1.770324e-04      	1.098641e-05      	8.772907e-04      	1.166350e-02      
4.233373e-02      	2.733851e-04      	1.354157e-05      	8.977611e-04      	1.166350e-02      
4.326414e-02      	4.037954e-04      	1.623277e-05      	9.192376e-04      	1.166350e-02      
4.423637e-02      	5.066376e-04      	1.787672e-05      	9.417969e-04      	1.166350e-02      
4.525330e-02      	6.782294e-04      	2.036193e-05      	9.655253e-04      	1.166350e-02      
4.631808e-02      	7.401903e-04      	2.107516e-05      	9.905173e-04      	1.166350e-02      
4.743418e-02      	7.852542e-04      	2.201860e-05      	1.016877e-03      	1.166350e-02      
4.860540e-02      	8.318256e-04      	2.286671e-05      	1.044724e-03      	1.166350e-02      
4.983591e-02      	7.733773e-04      	2.154306e-05      	1.074188e-03      	1.166350e-02      
5.113035e-02      	6.776922e-04      	2.067035e-05      	1.105418e-03      	1.166350e-02      
5.249383e-02      	5.527195e-04      	1.884877e-05      	1.138578e-03      	1.166350e-02      
5.393202e-02      	4.257668e-04      	1.637588e-05      	1.173858e-03      	1.166350e-02      
5.545123e-02      	3.027113e-04      	1.369110e-05      	1.211467e-03      	1.166350e-02      
5.705851e-02      	1.812790e-04      	1.124046e-05      	1.251651e-03      	1.166350e-02      
5.876175e-02      	8.887582e-05      	8.284677e-06      	1.294683e-03      	1.166350e-02      
6.056979e-02      	6.150918e-05      	7.270494e-06      	1.340881e-03      	1.166350e-02      
6.249265e-02      	6.542832e-05      	7.944218e-06      	1.390613e-03      	1.166350e-02      
6.454159e-02      	1.073422e-04      	1.086967e-05      	1.444302e-03      	1.166350e-02      
6.617317e-02      	1.390842e-04      	6.040001e-06      	1.378634e-03      	2.333017e-02      
6.672944e-02      	1.617329e-04      	1.569784e-05      	1.502442e-03      	1.166350e-02      
6.730433e-02      	1.658755e-04      	6.428477e-06      	1.403510e-03      	2.333017e-02      
6.847484e-02      	1.909322e-04      	6.764206e-06      	1.429321e-03      	2.333017e-02      
6.907082e-02      	2.024900e-04      	1.781024e-05      	1.565612e-03      	1.166350e-02      
6.968679e-02      	2.048599e-04      	6.956635e-06      	1.456121e-03      	2.333017e-02      
7.094239e-02      	2.120892e-04      	7.132727e-06      	1.483967e-03      	2.333017e-02      
7.158249e-02      	2.128197e-04      	3.766480e-05      	1.634496e-03      	1.166350e-02      
7.224409e-02      	2.183536e-04      	7.621039e-06      	1.512926e-03      	2.333017e-02      
7.359446e-02      	2.091128e-04      	7.332608e-06      	1.543063e-03      	2.333017e-02      
7.499625e-02      	2.094860e-04      	7.103803e-06      	1.574456e-03      	2.333017e-02      
7.645249e-02      	1.629587e-04      	6.062191e-06      	1.607186e-03      	2.333017e-02      
7.796640e-02      	1.293715e-04      	5.309935e-06      	1.641340e-03      	2.333017e-02      
7.954148e-02      	9.234302e-05      	4.458280e-06      	1.677016e-03      	2.333017e-02      
8.118151e-02      	6.581466e-05      	3.762234e-06      	1.714319e-03      	2.333017e-02      
8.289059e-02      	3.122365e-05      	2.619633e-06      	1.753366e-03      	2.333017e-02      
8.467319e-02      	2.680257e-05      	2.411031e-06      	1.794283e-03      	2.333017e-02      
8.653414e-02      	1.777166e-05      	1.986640e-06      	1.837212e-03      	2.333017e-02      
8.847871e-02      	2.189473e-05      	2.134541e-06      	1.882305e-03      	2.333017e-02      
9.051271e-02      	3.088569e-05      	2.471895e-06      	1.929736e-03      	2.333017e-02      
9.264243e-02      	4.808518e-05      	3.025563e-06      	1.979692e-03      	2.333017e-02      
9.487478e-02      	5.173522e-05      	3.201150e-06      	2.032385e-03      	2.333017e-02      
9.721737e-02      	5.584329e-05      	3.311329e-06      	2.088049e-03      	2.333017e-02      
9.967856e-02      	4.924498e-05      	3.043659e-06      	2.146946e-03      	2.333017e-02      
1.022676e-01      	3.391823e-05      	2.615841e-06      	2.209374e-03      	2.333017e-02      
1.049948e-01      	1.975471e-05      	2.068463e-06      	2.275661e-03      	2.333017e-02      
1.078713e-01      	7.692696e-06      	1.422587e-06      	2.346187e-03      	2.333017e-02      
1.109100e-01      	2.882084e-06      	9.378358e-07      	2.421369e-03      	2.333017e-02      
1.141247e-01      	6.886730e-06      	1.342613e-06      	2.501698e-03      	2.333017e-02      
1.175314e-01      	1.084187e-05      	1.712395e-06      	2.587724e-03      	2.333017e-02      
1.211478e-01      	1.183491e-05      	1.841785e-06      	2.680079e-03      	2.333017e-02      
1.249937e-01      	1.379602e-05      	2.103888e-06      	2.779501e-03      	2.333017e-02      
1.290919e-01      	8.698867e-06      	1.847879e-06      	2.886834e-03      	2.333017e-02      
1.334679e-01      	5.706311e-06      	1.829555e-06      	3.003068e-03      	2.333017e-02      
1.381510e-01      	6.448151e-06      	1.890369e-06      	3.129360e-03      	2.333017e-02      
1.431747e-01      	1.150338e-05      	5.293294e-06      	3.267076e-03      	2.333017e-02      
