# Datafile created by QuickNXS 0.9.39
# Date: 2014-04-14 10:30:55
# Type: Specular
# Input file indices: 16248+16249+16250+16251
# Extracted states: -
# 
# [Direct Beam Runs]
# DB_ID  P0  PN  x_pos   x_width  y_pos   y_width  bg_pos  bg_width  dpix  tth           number  File                                            
# 1      0   0   157.7   6        132.5   59       84.8    125       158   2.86102e-06   16213   /SNS/REF_M/IPTS-10790/data/REF_M_16213_histo.nxs
# 2      0   0   157.6   6        132.5   59       84.8    125       158   2.86102e-06   16214   /SNS/REF_M/IPTS-10790/data/REF_M_16214_histo.nxs
# 
# [Data Runs]
# scale     P0    PN   x_pos   x_width  y_pos  y_width  bg_pos  bg_width  extract_fan  dpix  tth        number  DB_ID  File                                            
# 3.84592   86    32   159.7   6        134    64       84.8    125       False        158   0.695226   16248   1      /SNS/REF_M/IPTS-10790/data/REF_M_16248_histo.nxs
# 3.75837   115   4    159.7   6        134    64       84.8    125       False        158   0.695226   16249   2      /SNS/REF_M/IPTS-10790/data/REF_M_16249_histo.nxs
# 2.6485    115   4    161     7        134    64       84.8    125       False        158   1.37271    16250   2      /SNS/REF_M/IPTS-10790/data/REF_M_16250_histo.nxs
# 1.77828   115   2    161.9   8        134    64       84.8    125       False        158   2.72487    16251   2      /SNS/REF_M/IPTS-10790/data/REF_M_16251_histo.nxs
# 
# [Global Options]
# name           value
# sample_length  18   
# 
# [Data]
# Qz [Å⁻¹]            	R [a.u.]            	dR [a.u.]           	dQz [Å⁻¹]           	αi [rad]            
1.100117e-02      	9.647099e-01      	8.657633e-03      	2.256696e-04      	5.833701e-03      
1.112548e-02      	9.557609e-01      	7.835663e-03      	2.282836e-04      	5.833701e-03      
1.125263e-02      	9.553759e-01      	7.338364e-03      	2.309598e-04      	5.833701e-03      
1.138272e-02      	9.525150e-01      	6.924188e-03      	2.336998e-04      	5.833701e-03      
1.151585e-02      	9.557659e-01      	6.684200e-03      	2.365068e-04      	5.833701e-03      
1.165213e-02      	9.500452e-01      	6.470875e-03      	2.393826e-04      	5.833701e-03      
1.179168e-02      	9.562716e-01      	6.402911e-03      	2.423302e-04      	5.833701e-03      
1.193461e-02      	9.467429e-01      	6.218160e-03      	2.453521e-04      	5.833701e-03      
1.208104e-02      	9.497328e-01      	6.116435e-03      	2.484514e-04      	5.833701e-03      
1.223112e-02      	9.555538e-01      	6.004703e-03      	2.516310e-04      	5.833701e-03      
1.238497e-02      	9.482000e-01      	5.879545e-03      	2.548941e-04      	5.833701e-03      
1.254274e-02      	9.415939e-01      	5.698572e-03      	2.582442e-04      	5.833701e-03      
1.270458e-02      	9.404325e-01      	5.501101e-03      	2.616847e-04      	5.833701e-03      
1.287065e-02      	9.344736e-01      	5.316099e-03      	2.652195e-04      	5.833701e-03      
1.304113e-02      	9.452253e-01      	5.270284e-03      	2.688523e-04      	5.833701e-03      
1.321617e-02      	9.264452e-01      	5.153668e-03      	2.725878e-04      	5.833701e-03      
1.339599e-02      	9.168469e-01      	5.024371e-03      	2.764301e-04      	5.833701e-03      
1.358076e-02      	9.171955e-01      	4.936515e-03      	2.803839e-04      	5.833701e-03      
1.377070e-02      	9.165906e-01      	4.900587e-03      	2.844541e-04      	5.833701e-03      
1.396603e-02      	9.079655e-01      	4.930081e-03      	2.886464e-04      	5.833701e-03      
1.416698e-02      	8.836237e-01      	4.773074e-03      	2.929661e-04      	5.833701e-03      
1.437380e-02      	9.022998e-01      	4.606591e-03      	2.974192e-04      	5.833701e-03      
1.458674e-02      	8.894907e-01      	4.424245e-03      	3.020123e-04      	5.833701e-03      
1.480609e-02      	8.708715e-01      	4.287936e-03      	3.067518e-04      	5.833701e-03      
1.503214e-02      	8.801803e-01      	4.191519e-03      	3.116454e-04      	5.833701e-03      
1.526520e-02      	8.639260e-01      	4.150423e-03      	3.167004e-04      	5.833701e-03      
1.550559e-02      	8.470264e-01      	4.175094e-03      	3.219255e-04      	5.833701e-03      
1.575368e-02      	8.626806e-01      	4.210164e-03      	3.273289e-04      	5.833701e-03      
1.600984e-02      	8.348829e-01      	4.033495e-03      	3.329209e-04      	5.833701e-03      
1.627447e-02      	8.112706e-01      	3.931825e-03      	3.387108e-04      	5.833701e-03      
1.627447e-02      	8.134425e-01      	3.213929e-03      	3.386505e-04      	5.833701e-03      
1.654798e-02      	6.862015e-01      	2.838655e-03      	3.446489e-04      	5.833701e-03      
1.654798e-02      	6.810307e-01      	3.609145e-03      	3.447101e-04      	5.833701e-03      
1.683086e-02      	4.948232e-01      	3.017900e-03      	3.509303e-04      	5.833701e-03      
1.683086e-02      	4.927737e-01      	2.267616e-03      	3.508681e-04      	5.833701e-03      
1.712357e-02      	3.086148e-01      	1.695114e-03      	3.573208e-04      	5.833701e-03      
1.712357e-02      	3.110865e-01      	2.331663e-03      	3.573841e-04      	5.833701e-03      
1.742664e-02      	1.605837e-01      	1.175979e-03      	3.640208e-04      	5.833701e-03      
1.774063e-02      	1.024346e-01      	9.337254e-04      	3.709824e-04      	5.833701e-03      
1.806615e-02      	8.033316e-02      	8.662196e-04      	3.782222e-04      	5.833701e-03      
1.840383e-02      	6.789727e-02      	7.800677e-04      	3.857567e-04      	5.833701e-03      
1.875438e-02      	6.281028e-02      	7.253484e-04      	3.936051e-04      	5.833701e-03      
1.911855e-02      	6.055618e-02      	6.882460e-04      	4.017875e-04      	5.833701e-03      
1.949713e-02      	5.846509e-02      	6.636458e-04      	4.103262e-04      	5.833701e-03      
1.989101e-02      	5.699544e-02      	6.487904e-04      	4.192454e-04      	5.833701e-03      
2.030114e-02      	5.711738e-02      	6.469302e-04      	4.285713e-04      	5.833701e-03      
2.072853e-02      	5.477533e-02      	6.255584e-04      	4.383334e-04      	5.833701e-03      
2.117430e-02      	5.406635e-02      	6.188752e-04      	4.485630e-04      	5.833701e-03      
2.163967e-02      	5.331338e-02      	6.064549e-04      	4.592956e-04      	5.833701e-03      
2.212595e-02      	5.167853e-02      	5.871828e-04      	4.705692e-04      	5.833701e-03      
2.263460e-02      	5.002220e-02      	5.686017e-04      	4.824274e-04      	5.833701e-03      
2.316718e-02      	4.740935e-02      	5.481620e-04      	4.949170e-04      	5.833701e-03      
2.372542e-02      	4.605922e-02      	5.469209e-04      	5.080906e-04      	5.833701e-03      
2.431124e-02      	4.210603e-02      	5.280908e-04      	5.220073e-04      	5.833701e-03      
2.492671e-02      	3.877609e-02      	4.945838e-04      	5.367324e-04      	5.833701e-03      
2.557416e-02      	3.488965e-02      	4.803719e-04      	5.523403e-04      	5.833701e-03      
2.625613e-02      	3.118652e-02      	4.581389e-04      	5.689131e-04      	5.833701e-03      
2.697548e-02      	2.709862e-02      	4.214332e-04      	5.865456e-04      	5.833701e-03      
2.773535e-02      	2.351456e-02      	3.888900e-04      	6.053423e-04      	5.833701e-03      
2.853928e-02      	2.009301e-02      	3.809364e-04      	6.254261e-04      	5.833701e-03      
2.939120e-02      	1.623450e-02      	3.559753e-04      	6.469341e-04      	5.833701e-03      
3.029554e-02      	1.311109e-02      	3.362789e-04      	6.700249e-04      	5.833701e-03      
3.125730e-02      	9.616371e-03      	3.047724e-04      	6.948825e-04      	5.833701e-03      
3.226953e-02      	7.365202e-03      	8.389134e-05      	6.764205e-04      	1.156744e-02      
3.228213e-02      	7.010252e-03      	2.802877e-04      	7.217182e-04      	5.833701e-03      
3.281188e-02      	6.065902e-03      	7.468579e-05      	6.883928e-04      	1.156744e-02      
3.337276e-02      	4.923718e-03      	6.563952e-05      	7.008055e-04      	1.156744e-02      
3.337644e-02      	5.141683e-03      	2.836040e-04      	7.507795e-04      	5.833701e-03      
3.395316e-02      	4.042948e-03      	5.822377e-05      	7.136837e-04      	1.156744e-02      
3.455410e-02      	3.217080e-03      	5.150954e-05      	7.270547e-04      	1.156744e-02      
3.517669e-02      	2.662315e-03      	4.715307e-05      	7.409475e-04      	1.156744e-02      
3.582214e-02      	2.128402e-03      	4.433923e-05      	7.553950e-04      	1.156744e-02      
3.649171e-02      	1.648700e-03      	3.832352e-05      	7.704296e-04      	1.156744e-02      
3.718679e-02      	1.269558e-03      	3.251643e-05      	7.860900e-04      	1.156744e-02      
3.790887e-02      	1.034697e-03      	2.837771e-05      	8.024162e-04      	1.156744e-02      
3.865954e-02      	9.580297e-04      	2.680592e-05      	8.194524e-04      	1.156744e-02      
3.944054e-02      	9.197413e-04      	2.601943e-05      	8.372468e-04      	1.156744e-02      
4.025375e-02      	8.935936e-04      	2.553557e-05      	8.558518e-04      	1.156744e-02      
4.110119e-02      	9.750508e-04      	2.635864e-05      	8.753257e-04      	1.156744e-02      
4.198509e-02      	1.013362e-03      	2.676079e-05      	8.957310e-04      	1.156744e-02      
4.290784e-02      	1.149593e-03      	2.813693e-05      	9.171382e-04      	1.156744e-02      
4.387206e-02      	1.304223e-03      	2.948890e-05      	9.396235e-04      	1.156744e-02      
4.488061e-02      	1.372372e-03      	2.979384e-05      	9.632725e-04      	1.156744e-02      
4.593663e-02      	1.409648e-03      	2.992198e-05      	9.881795e-04      	1.156744e-02      
4.704353e-02      	1.360926e-03      	2.979928e-05      	1.014448e-03      	1.156744e-02      
4.820510e-02      	1.367019e-03      	3.015780e-05      	1.042197e-03      	1.156744e-02      
4.942548e-02      	1.227519e-03      	2.790682e-05      	1.071554e-03      	1.156744e-02      
5.070927e-02      	1.127105e-03      	2.739240e-05      	1.102669e-03      	1.156744e-02      
5.206151e-02      	9.591912e-04      	2.552173e-05      	1.135705e-03      	1.156744e-02      
5.348786e-02      	7.880686e-04      	2.287144e-05      	1.170850e-03      	1.156744e-02      
5.499456e-02      	5.312512e-04      	1.859804e-05      	1.208311e-03      	1.156744e-02      
5.658860e-02      	4.229188e-04      	1.760304e-05      	1.248333e-03      	1.156744e-02      
5.827781e-02      	2.140368e-04      	1.304397e-05      	1.291188e-03      	1.156744e-02      
6.007097e-02      	1.497975e-04      	1.151287e-05      	1.337191e-03      	1.156744e-02      
6.197799e-02      	1.020192e-04      	1.009974e-05      	1.386709e-03      	1.156744e-02      
6.401005e-02      	9.755937e-05      	1.068947e-05      	1.440159e-03      	1.156744e-02      
6.483840e-02      	9.840927e-05      	4.760719e-06      	1.353971e-03      	2.324376e-02      
6.592811e-02      	1.067283e-04      	4.872487e-06      	1.377945e-03      	2.324376e-02      
6.617989e-02      	1.175023e-04      	1.380317e-05      	1.498034e-03      	1.156744e-02      
6.705509e-02      	1.268054e-04      	5.183682e-06      	1.402801e-03      	2.324376e-02      
6.822126e-02      	1.373733e-04      	5.296495e-06      	1.428590e-03      	2.324376e-02      
6.942872e-02      	1.563529e-04      	5.607185e-06      	1.455366e-03      	2.324376e-02      
7.067968e-02      	1.659094e-04      	5.814051e-06      	1.483187e-03      	2.324376e-02      
7.197656e-02      	1.549195e-04      	5.918185e-06      	1.512120e-03      	2.324376e-02      
7.332192e-02      	1.473917e-04      	5.666045e-06      	1.542230e-03      	2.324376e-02      
7.471853e-02      	1.443579e-04      	5.436967e-06      	1.573593e-03      	2.324376e-02      
7.616937e-02      	1.123922e-04      	4.638184e-06      	1.606291e-03      	2.324376e-02      
7.767768e-02      	8.495683e-05      	3.973354e-06      	1.640412e-03      	2.324376e-02      
7.924693e-02      	6.613375e-05      	3.482924e-06      	1.676051e-03      	2.324376e-02      
8.088088e-02      	3.815036e-05      	2.670019e-06      	1.713316e-03      	2.324376e-02      
8.258364e-02      	1.761322e-05      	1.858694e-06      	1.752322e-03      	2.324376e-02      
8.435963e-02      	7.547592e-06      	1.284945e-06      	1.793195e-03      	2.324376e-02      
8.621369e-02      	9.416659e-06      	1.377372e-06      	1.836076e-03      	2.324376e-02      
8.815107e-02      	1.722512e-05      	1.766902e-06      	1.881118e-03      	2.324376e-02      
9.017753e-02      	3.200569e-05      	2.310577e-06      	1.928493e-03      	2.324376e-02      
9.229935e-02      	4.340760e-05      	2.650102e-06      	1.978390e-03      	2.324376e-02      
9.452344e-02      	5.433828e-05      	3.001721e-06      	2.031017e-03      	2.324376e-02      
9.685735e-02      	6.320766e-05      	3.236657e-06      	2.086611e-03      	2.324376e-02      
9.930943e-02      	5.283615e-05      	2.900416e-06      	2.145431e-03      	2.324376e-02      
1.018889e-01      	3.783582e-05      	2.532378e-06      	2.207775e-03      	2.324376e-02      
1.046059e-01      	2.537677e-05      	2.126393e-06      	2.273971e-03      	2.324376e-02      
1.074719e-01      	8.457430e-06      	1.366816e-06      	2.344395e-03      	2.324376e-02      
1.104992e-01      	5.019727e-06      	1.025257e-06      	2.419467e-03      	2.324376e-02      
1.137021e-01      	5.105509e-06      	1.097215e-06      	2.499674e-03      	2.324376e-02      
1.170962e-01      	8.888373e-06      	1.439164e-06      	2.585565e-03      	2.324376e-02      
1.206992e-01      	1.273434e-05      	1.751251e-06      	2.677770e-03      	2.324376e-02      
1.245309e-01      	1.281087e-05      	1.860677e-06      	2.777026e-03      	2.324376e-02      
1.286139e-01      	7.962298e-06      	1.638504e-06      	2.884172e-03      	2.324376e-02      
1.329737e-01      	6.429995e-06      	1.775811e-06      	3.000197e-03      	2.324376e-02      
1.376394e-01      	6.404252e-06      	1.746592e-06      	3.126253e-03      	2.324376e-02      
1.426445e-01      	1.624899e-05      	5.614138e-06      	3.263704e-03      	2.324376e-02      
